# Game Level Exporter v1.0
LIGHT
Light
<Matrix 4x4 (-0.2909, -0.0552,  0.9552, 0.0000)
            (-0.7711,  0.6045, -0.1999, 0.0000)
            (-0.5664, -0.7947, -0.2184, 0.0000)
            ( 4.0762,  5.9039,  1.0055, 1.0000)>
CAMERA
Camera
<Matrix 4x4 ( 0.6859,  0.0000,   0.7277, 0.0000)
            (-0.3240,  0.8954,   0.3054, 0.0000)
            (-0.6516, -0.4453,   0.6142, 0.0000)
            (18.7262, 11.9254, -17.0050, 1.0000)>
MESH
Taxi
<Matrix 4x4 (-0.7554, 0.0000, -0.6553, 0.0000)
            (-0.0000, 1.0000,  0.0000, 0.0000)
            ( 0.6553, 0.0000, -0.7554, 0.0000)
            ( 0.0000, 0.0000, -5.0927, 1.0000)>
MESH
NormalCar
<Matrix 4x4 ( 0.7304, 0.0000,  0.6830, 0.0000)
            ( 0.0000, 1.0000, -0.0000, 0.0000)
            (-0.6830, 0.0000,  0.7304, 0.0000)
            ( 0.0000, 0.0000,  2.2543, 1.0000)>
MESH
Sport
<Matrix 4x4 (-0.2759,  0.5789,  0.7673, 0.0000)
            (-0.2348,  0.7335, -0.6378, 0.0000)
            (-0.9321, -0.3562, -0.0665, 0.0000)
            (-3.1049,  2.6275, -0.0590, 1.0000)>
MESH
Police
<Matrix 4x4 ( 0.9819, 0.0000,  0.1893, 0.0000)
            ( 0.0000, 1.0000, -0.0000, 0.0000)
            (-0.1893, 0.0000,  0.9819, 0.0000)
            ( 0.0012, 0.4710, -1.3320, 1.0000)>
