# Game Level Exporter v1.0
MESH
Walls
<Matrix 4x4 (1.0000, 0.0000,  0.0000, 0.0000)
            (0.0000, 1.0000, -0.0000, 0.0000)
            (0.0000, 0.0000,  1.0000, 0.0000)
            (0.0000, 2.0000,  0.0000, 1.0000)>
MESH
Floor
<Matrix 4x4 (1.0000, 0.0000,  0.0000, 0.0000)
            (0.0000, 1.0000, -0.0000, 0.0000)
            (0.0000, 0.0000,  1.0000, 0.0000)
            (0.0000, 0.0000,  0.0000, 1.0000)>
MESH
Pot2
<Matrix 4x4 (1.0000, 0.0000,  0.0000, 0.0000)
            (0.0000, 1.0000, -0.0000, 0.0000)
            (0.0000, 0.0000,  1.0000, 0.0000)
            (7.7834, 0.1336, -7.9896, 1.0000)>
MESH
Pot3
<Matrix 4x4 ( 0.8501, 0.0000,  0.5266, 0.0000)
            ( 0.0000, 1.0000, -0.0000, 0.0000)
            (-0.5266, 0.0000,  0.8501, 0.0000)
            ( 7.1480, 0.1336, -8.4444, 1.0000)>
MESH
Pot3.001
<Matrix 4x4 (1.0000, 0.0000,  0.0000, 0.0000)
            (0.0000, 1.0000, -0.0000, 0.0000)
            (0.0000, 0.0000,  1.0000, 0.0000)
            (8.4015, 0.1336, -7.6717, 1.0000)>
MESH
Pot3.002
<Matrix 4x4 (-0.4561, 0.0000, -0.8899, 0.0000)
            (-0.0000, 1.0000,  0.0000, 0.0000)
            ( 0.8899, 0.0000, -0.4561, 0.0000)
            ( 7.6815, 0.1336, -8.4301, 1.0000)>
MESH
Pot1
<Matrix 4x4 (1.0000, 0.0000,  0.0000, 0.0000)
            (0.0000, 1.0000, -0.0000, 0.0000)
            (0.0000, 0.0000,  1.0000, 0.0000)
            (8.3353, 0.1336, -8.2703, 1.0000)>
MESH
Pot2.001
<Matrix 4x4 (1.0000, 0.0000,  0.0000, 0.0000)
            (0.0000, 1.0000, -0.0000, 0.0000)
            (0.0000, 0.0000,  1.0000, 0.0000)
            (7.2999, 0.1336, -7.9947, 1.0000)>
MESH
BrokenPot2
<Matrix 4x4 ( 0.9714, 0.0000, -0.2376, 0.0000)
            (-0.0000, 1.0000, -0.0000, 0.0000)
            ( 0.2376, 0.0000,  0.9714, 0.0000)
            ( 7.9708, 0.1336, -7.5935, 1.0000)>
MESH
BookcaseFull
<Matrix 4x4 (-1.0000, 0.0000,  0.0000, 0.0000)
            ( 0.0000, 1.0000,  0.0000, 0.0000)
            (-0.0000, 0.0000, -1.0000, 0.0000)
            ( 0.0000, 0.0000, -8.3931, 1.0000)>
MESH
BookcaseFull.001
<Matrix 4x4 (-1.0000, 0.0000,  0.0000, 0.0000)
            ( 0.0000, 1.0000,  0.0000, 0.0000)
            (-0.0000, 0.0000, -1.0000, 0.0000)
            ( 2.0700, 0.0000, -8.3931, 1.0000)>
MESH
BookcaseFull.002
<Matrix 4x4 (-1.0000, 0.0000,  0.0000, 0.0000)
            ( 0.0000, 1.0000,  0.0000, 0.0000)
            (-0.0000, 0.0000, -1.0000, 0.0000)
            (-2.0700, 0.0000, -8.3931, 1.0000)>
MESH
Barrel
<Matrix 4x4 (1.0000, 0.0000,  0.0000, 0.0000)
            (0.0000, 1.0000, -0.0000, 0.0000)
            (0.0000, 0.0000,  1.0000, 0.0000)
            (3.5947, 0.1265, -8.2432, 1.0000)>
MESH
Barrel.001
<Matrix 4x4 ( 0.4440, 0.0000,  0.8960, 0.0000)
            ( 0.0000, 1.0000, -0.0000, 0.0000)
            (-0.8960, 0.0000,  0.4440, 0.0000)
            (-8.2923, 0.1265, -8.1644, 1.0000)>
MESH
Barrel.002
<Matrix 4x4 ( 0.4440, 0.0000,  0.8960, 0.0000)
            ( 0.0000, 1.0000, -0.0000, 0.0000)
            (-0.8960, 0.0000,  0.4440, 0.0000)
            (-7.4607, 0.1265, -8.3782, 1.0000)>
MESH
Barrel.003
<Matrix 4x4 ( 0.4440, 0.0000,  0.8960, 0.0000)
            ( 0.0000, 1.0000, -0.0000, 0.0000)
            (-0.8960, 0.0000,  0.4440, 0.0000)
            (-8.3331, 0.1265, -7.2994, 1.0000)>
MESH
BearTrapOpen
<Matrix 4x4 ( 0.9404, 0.0000, -0.3399, 0.0000)
            (-0.0000, 1.0000, -0.0000, 0.0000)
            ( 0.3399, 0.0000,  0.9404, 0.0000)
            (-7.2460, 0.1201, -7.3130, 1.0000)>
MESH
Crate.001
<Matrix 4x4 ( 0.9805, 0.0000, -0.1964, 0.0000)
            (-0.0000, 1.0000, -0.0000, 0.0000)
            ( 0.1964, 0.0000,  0.9805, 0.0000)
            (-8.2040, 0.1464, -6.3782, 1.0000)>
MESH
Crate
<Matrix 4x4 ( 0.4212, 0.0000, -0.9070, 0.0000)
            (-0.0000, 1.0000, -0.0000, 0.0000)
            ( 0.9070, 0.0000,  0.4212, 0.0000)
            (-6.3503, 0.1464, -8.1253, 1.0000)>
MESH
Skull
<Matrix 4x4 (-0.8675, 0.0000,  0.4974, 0.0000)
            ( 0.0000, 1.0000,  0.0000, 0.0000)
            (-0.4974, 0.0000, -0.8675, 0.0000)
            ( 3.5938, 1.1250, -8.3018, 1.0000)>
MESH
Torch.001
<Matrix 4x4 ( 1.0000, 0.0000,  0.0000, 0.0000)
            ( 0.0000, 1.0000, -0.0000, 0.0000)
            ( 0.0000, 0.0000,  1.0000, 0.0000)
            (-5.0442, 1.9344,  4.5807, 1.0000)>
MESH
Torch
<Matrix 4x4 (1.0000, 0.0000,  0.0000, 0.0000)
            (0.0000, 1.0000, -0.0000, 0.0000)
            (0.0000, 0.0000,  1.0000, 0.0000)
            (5.0604, 1.9344,  4.5807, 1.0000)>
MESH
BearTrapOpen.001
<Matrix 4x4 (-0.8368, 0.0000,  0.5476, 0.0000)
            ( 0.0000, 1.0000,  0.0000, 0.0000)
            (-0.5476, 0.0000, -0.8368, 0.0000)
            ( 0.6615, 0.1201,  6.5190, 1.0000)>
MESH
Chest
<Matrix 4x4 (1.0000, 0.0000,  0.0000, 0.0000)
            (0.0000, 1.0000, -0.0000, 0.0000)
            (0.0000, 0.0000,  1.0000, 0.0000)
            (0.0000, 0.6000,  8.0000, 1.0000)>
MESH
PortalArches
<Matrix 4x4 (1.0000, 0.0000,  0.0000, 0.0000)
            (0.0000, 1.0000, -0.0000, 0.0000)
            (0.0000, 0.0000,  1.0000, 0.0000)
            (0.0000, 2.4600,  6.0000, 1.0000)>
LIGHT
Light
<Matrix 4x4 (-0.2909, -0.0552,  0.9552, 0.0000)
            (-0.7711,  0.6045, -0.1999, 0.0000)
            (-0.5664, -0.7947, -0.2184, 0.0000)
            ( 4.0762,  5.9039,  1.0055, 1.0000)>
CAMERA
Camera
<Matrix 4x4 ( 0.6859,  0.0000,  0.7277, 0.0000)
            (-0.3240,  0.8954,  0.3054, 0.0000)
            (-0.6516, -0.4453,  0.6142, 0.0000)
            ( 7.3589,  4.9583, -6.9258, 1.0000)>
