# Game Level Exporter v1.0
LIGHT
Light
<Matrix 4x4 (-0.2909, -0.0552,  0.9552, 0.0000)
            (-0.7711,  0.6045, -0.1999, 0.0000)
            (-0.5664, -0.7947, -0.2184, 0.0000)
            ( 4.0762,  5.9039,  1.0055, 1.0000)>
CAMERA
Camera
<Matrix 4x4 ( 0.6859,  0.0000,   0.7277, 0.0000)
            (-0.3240,  0.8954,   0.3054, 0.0000)
            (-0.6516, -0.4453,   0.6142, 0.0000)
            (18.7262, 11.9254, -17.0050, 1.0000)>
MESH
Street
<Matrix 4x4 (1.0000, 0.0000,  0.0000, 0.0000)
            (0.0000, 1.0000, -0.0000, 0.0000)
            (0.0000, 0.0000,  1.0000, 0.0000)
            (0.0000, 0.0000,  0.0000, 1.0000)>
MESH
SportsCar
<Matrix 4x4 (-0.0156, -0.3284, -0.9444, 0.0000)
            ( 0.1460,  0.9337, -0.3270, 0.0000)
            ( 0.9892, -0.1430,  0.0334, 0.0000)
            ( 4.7915,  2.4203,  1.7598, 1.0000)>
MESH
CopCar
<Matrix 4x4 ( 0.7906, 0.0000,  0.6123, 0.0000)
            ( 0.0000, 1.0000, -0.0000, 0.0000)
            (-0.6123, 0.0000,  0.7906, 0.0000)
            (-2.3867, 0.0740,  2.1554, 1.0000)>
MESH
CopCar.001
<Matrix 4x4 (-0.7317, 0.0000,  0.6816, 0.0000)
            ( 0.0000, 1.0000,  0.0000, 0.0000)
            (-0.6816, 0.0000, -0.7317, 0.0000)
            (-3.0974, 0.0740, -1.5137, 1.0000)>
MESH
CopCar.002
<Matrix 4x4 ( 0.0527,  0.2437, 0.9684, 0.0000)
            (-0.4116, -0.8783, 0.2434, 0.0000)
            ( 0.9098, -0.4115, 0.0540, 0.0000)
            ( 7.9426,  1.1762, 1.9140, 1.0000)>
MESH
CopCar.003
<Matrix 4x4 ( 0.7740, -0.1613,  0.6123, 0.0000)
            ( 0.2040,  0.9790, -0.0000, 0.0000)
            (-0.5995,  0.1249,  0.7906, 0.0000)
            ( 6.3671,  0.0740,  1.6745, 1.0000)>
MESH
CopCar.004
<Matrix 4x4 (-0.2542, 0.0000,  0.9671, 0.0000)
            ( 0.0000, 1.0000,  0.0000, 0.0000)
            (-0.9671, 0.0000, -0.2542, 0.0000)
            ( 5.0324, 0.0740, -1.5791, 1.0000)>
MESH
CopCar.005
<Matrix 4x4 ( 0.2944, 0.0000,  0.9557, 0.0000)
            ( 0.0000, 1.0000, -0.0000, 0.0000)
            (-0.9557, 0.0000,  0.2944, 0.0000)
            ( 2.1199, 0.0740,  1.3226, 1.0000)>
MESH
CopCar.006
<Matrix 4x4 ( 0.0141, -0.0726, -0.9973, 0.0000)
            ( 0.1292,  0.9891, -0.0701, 0.0000)
            ( 0.9915, -0.1278,  0.0234, 0.0000)
            (10.3409,  0.2591,  1.1623, 1.0000)>
MESH
CopCar.007
<Matrix 4x4 (-0.0048, 0.0000, -1.0000, 0.0000)
            (-0.0000, 1.0000,  0.0000, 0.0000)
            ( 1.0000, 0.0000, -0.0048, 0.0000)
            (15.4793, 0.0740, -0.6657, 1.0000)>
MESH
Building4
<Matrix 4x4 (1.0000, 0.0000,  0.0000, 0.0000)
            (0.0000, 1.0000, -0.0000, 0.0000)
            (0.0000, 0.0000,  1.0000, 0.0000)
            (4.1053, 8.0491,  8.5878, 1.0000)>
MESH
Building1
<Matrix 4x4 (  1.0000, 0.0000,  0.0000, 0.0000)
            (  0.0000, 1.0000, -0.0000, 0.0000)
            (  0.0000, 0.0000,  1.0000, 0.0000)
            (-14.2662, 0.0000, 11.3597, 1.0000)>
MESH
Building3
<Matrix 4x4 ( 1.0000, 0.0000,  0.0000, 0.0000)
            ( 0.0000, 1.0000, -0.0000, 0.0000)
            ( 0.0000, 0.0000,  1.0000, 0.0000)
            (17.7161, 0.0000, 12.7906, 1.0000)>
