# Game Level Exporter v1.0
MESH
BiggerFloor
<Matrix 4x4 (1.0000, 0.0000,  0.0000, 0.0000)
            (0.0000, 1.0000, -0.0000, 0.0000)
            (0.0000, 0.0000,  1.0000, 0.0000)
            (0.0000, 0.0000,  0.0000, 1.0000)>
MESH
Roof
<Matrix 4x4 (35.1687,  0.0000,  0.0000, 0.0000)
            ( 0.0000,  0.0000, 35.0265, 0.0000)
            ( 0.0000, -1.0000,  0.0000, 0.0000)
            ( 0.0000, 13.1528,  0.0000, 1.0000)>
LIGHT
Light
<Matrix 4x4 (-0.2909, -0.0552,  0.9552, 0.0000)
            (-0.7711,  0.6045, -0.1999, 0.0000)
            (-0.5664, -0.7947, -0.2184, 0.0000)
            ( 4.0762,  5.9039,  1.0055, 1.0000)>
CAMERA
Camera
<Matrix 4x4 ( 0.6859,  0.0000,  0.7277, 0.0000)
            (-0.3240,  0.8954,  0.3054, 0.0000)
            (-0.6516, -0.4453,  0.6142, 0.0000)
            ( 7.3589,  4.9583, -6.9258, 1.0000)>
MESH
FloorTile_Corner
<Matrix 4x4 (  1.0000, 0.0000,  0.0000, 0.0000)
            (  0.0000, 1.0000, -0.0000, 0.0000)
            (  0.0000, 0.0000,  1.0000, 0.0000)
            (-34.0000, 0.0000, 34.0000, 1.0000)>
MESH
FloorTile_Side
<Matrix 4x4 ( -0.0000, 0.0000, -1.0000, 0.0000)
            ( -0.0000, 1.0000,  0.0000, 0.0000)
            (  1.0000, 0.0000, -0.0000, 0.0000)
            (-32.0000, 0.0000, 34.0000, 1.0000)>
MESH
FloorTile_Side.001
<Matrix 4x4 ( -0.0000, 0.0000, -1.0000, 0.0000)
            ( -0.0000, 1.0000,  0.0000, 0.0000)
            (  1.0000, 0.0000, -0.0000, 0.0000)
            (-30.0000, 0.0000, 34.0000, 1.0000)>
MESH
FloorTile_Side.002
<Matrix 4x4 ( -0.0000, 0.0000, -1.0000, 0.0000)
            ( -0.0000, 1.0000,  0.0000, 0.0000)
            (  1.0000, 0.0000, -0.0000, 0.0000)
            (-28.0000, 0.0000, 34.0000, 1.0000)>
MESH
FloorTile_Side.003
<Matrix 4x4 ( -0.0000, 0.0000, -1.0000, 0.0000)
            ( -0.0000, 1.0000,  0.0000, 0.0000)
            (  1.0000, 0.0000, -0.0000, 0.0000)
            (-26.0000, 0.0000, 34.0000, 1.0000)>
MESH
FloorTile_Side.004
<Matrix 4x4 ( -0.0000, 0.0000, -1.0000, 0.0000)
            ( -0.0000, 1.0000,  0.0000, 0.0000)
            (  1.0000, 0.0000, -0.0000, 0.0000)
            (-22.0000, 0.0000, 34.0000, 1.0000)>
MESH
FloorTile_Side.005
<Matrix 4x4 ( -0.0000, 0.0000, -1.0000, 0.0000)
            ( -0.0000, 1.0000,  0.0000, 0.0000)
            (  1.0000, 0.0000, -0.0000, 0.0000)
            (-24.0000, 0.0000, 34.0000, 1.0000)>
MESH
FloorTile_Side.006
<Matrix 4x4 ( -0.0000, 0.0000, -1.0000, 0.0000)
            ( -0.0000, 1.0000,  0.0000, 0.0000)
            (  1.0000, 0.0000, -0.0000, 0.0000)
            (-20.0000, 0.0000, 34.0000, 1.0000)>
MESH
FloorTile_Side.007
<Matrix 4x4 ( -0.0000, 0.0000, -1.0000, 0.0000)
            ( -0.0000, 1.0000,  0.0000, 0.0000)
            (  1.0000, 0.0000, -0.0000, 0.0000)
            (-18.0000, 0.0000, 34.0000, 1.0000)>
MESH
FloorTile_Side.008
<Matrix 4x4 ( -0.0000, 0.0000, -1.0000, 0.0000)
            ( -0.0000, 1.0000,  0.0000, 0.0000)
            (  1.0000, 0.0000, -0.0000, 0.0000)
            (-16.0000, 0.0000, 34.0000, 1.0000)>
MESH
FloorTile_Side.009
<Matrix 4x4 ( -0.0000, 0.0000, -1.0000, 0.0000)
            ( -0.0000, 1.0000,  0.0000, 0.0000)
            (  1.0000, 0.0000, -0.0000, 0.0000)
            (-14.0000, 0.0000, 34.0000, 1.0000)>
MESH
FloorTile_Side.010
<Matrix 4x4 ( -0.0000, 0.0000, -1.0000, 0.0000)
            ( -0.0000, 1.0000,  0.0000, 0.0000)
            (  1.0000, 0.0000, -0.0000, 0.0000)
            (-12.0000, 0.0000, 34.0000, 1.0000)>
MESH
FloorTile_Side.011
<Matrix 4x4 ( -0.0000, 0.0000, -1.0000, 0.0000)
            ( -0.0000, 1.0000,  0.0000, 0.0000)
            (  1.0000, 0.0000, -0.0000, 0.0000)
            (-10.0000, 0.0000, 34.0000, 1.0000)>
MESH
FloorTile_Side.012
<Matrix 4x4 (-0.0000, 0.0000, -1.0000, 0.0000)
            (-0.0000, 1.0000,  0.0000, 0.0000)
            ( 1.0000, 0.0000, -0.0000, 0.0000)
            (-8.0000, 0.0000, 34.0000, 1.0000)>
MESH
FloorTile_Side.013
<Matrix 4x4 (-0.0000, 0.0000, -1.0000, 0.0000)
            (-0.0000, 1.0000,  0.0000, 0.0000)
            ( 1.0000, 0.0000, -0.0000, 0.0000)
            (-6.0000, 0.0000, 34.0000, 1.0000)>
MESH
FloorTile_Side.014
<Matrix 4x4 (-0.0000, 0.0000, -1.0000, 0.0000)
            (-0.0000, 1.0000,  0.0000, 0.0000)
            ( 1.0000, 0.0000, -0.0000, 0.0000)
            (-4.0000, 0.0000, 34.0000, 1.0000)>
MESH
FloorTile_Side.015
<Matrix 4x4 (-0.0000, 0.0000, -1.0000, 0.0000)
            (-0.0000, 1.0000,  0.0000, 0.0000)
            ( 1.0000, 0.0000, -0.0000, 0.0000)
            (-2.0000, 0.0000, 34.0000, 1.0000)>
MESH
FloorTile_Side.016
<Matrix 4x4 (-0.0000, 0.0000, -1.0000, 0.0000)
            (-0.0000, 1.0000,  0.0000, 0.0000)
            ( 1.0000, 0.0000, -0.0000, 0.0000)
            ( 0.0000, 0.0000, 34.0000, 1.0000)>
MESH
FloorTile_Side.017
<Matrix 4x4 (-0.0000, 0.0000, -1.0000, 0.0000)
            (-0.0000, 1.0000,  0.0000, 0.0000)
            ( 1.0000, 0.0000, -0.0000, 0.0000)
            ( 2.0000, 0.0000, 34.0000, 1.0000)>
MESH
FloorTile_Side.018
<Matrix 4x4 (-0.0000, 0.0000, -1.0000, 0.0000)
            (-0.0000, 1.0000,  0.0000, 0.0000)
            ( 1.0000, 0.0000, -0.0000, 0.0000)
            ( 4.0000, 0.0000, 34.0000, 1.0000)>
MESH
FloorTile_Side.019
<Matrix 4x4 (-0.0000, 0.0000, -1.0000, 0.0000)
            (-0.0000, 1.0000,  0.0000, 0.0000)
            ( 1.0000, 0.0000, -0.0000, 0.0000)
            ( 6.0000, 0.0000, 34.0000, 1.0000)>
MESH
FloorTile_Side.020
<Matrix 4x4 (-0.0000, 0.0000, -1.0000, 0.0000)
            (-0.0000, 1.0000,  0.0000, 0.0000)
            ( 1.0000, 0.0000, -0.0000, 0.0000)
            ( 8.0000, 0.0000, 34.0000, 1.0000)>
MESH
FloorTile_Side.021
<Matrix 4x4 (-0.0000, 0.0000, -1.0000, 0.0000)
            (-0.0000, 1.0000,  0.0000, 0.0000)
            ( 1.0000, 0.0000, -0.0000, 0.0000)
            (10.0000, 0.0000, 34.0000, 1.0000)>
MESH
FloorTile_Side.022
<Matrix 4x4 (-0.0000, 0.0000, -1.0000, 0.0000)
            (-0.0000, 1.0000,  0.0000, 0.0000)
            ( 1.0000, 0.0000, -0.0000, 0.0000)
            (12.0000, 0.0000, 34.0000, 1.0000)>
MESH
FloorTile_Side.023
<Matrix 4x4 (-0.0000, 0.0000, -1.0000, 0.0000)
            (-0.0000, 1.0000,  0.0000, 0.0000)
            ( 1.0000, 0.0000, -0.0000, 0.0000)
            (14.0000, 0.0000, 34.0000, 1.0000)>
MESH
FloorTile_Side.024
<Matrix 4x4 (-0.0000, 0.0000, -1.0000, 0.0000)
            (-0.0000, 1.0000,  0.0000, 0.0000)
            ( 1.0000, 0.0000, -0.0000, 0.0000)
            (16.0000, 0.0000, 34.0000, 1.0000)>
MESH
FloorTile_Side.025
<Matrix 4x4 (-0.0000, 0.0000, -1.0000, 0.0000)
            (-0.0000, 1.0000,  0.0000, 0.0000)
            ( 1.0000, 0.0000, -0.0000, 0.0000)
            (18.0000, 0.0000, 34.0000, 1.0000)>
MESH
FloorTile_Side.026
<Matrix 4x4 (-0.0000, 0.0000, -1.0000, 0.0000)
            (-0.0000, 1.0000,  0.0000, 0.0000)
            ( 1.0000, 0.0000, -0.0000, 0.0000)
            (20.0000, 0.0000, 34.0000, 1.0000)>
MESH
FloorTile_Side.027
<Matrix 4x4 (-0.0000, 0.0000, -1.0000, 0.0000)
            (-0.0000, 1.0000,  0.0000, 0.0000)
            ( 1.0000, 0.0000, -0.0000, 0.0000)
            (20.0000, 0.0000, 34.0000, 1.0000)>
MESH
FloorTile_Side.028
<Matrix 4x4 (-0.0000, 0.0000, -1.0000, 0.0000)
            (-0.0000, 1.0000,  0.0000, 0.0000)
            ( 1.0000, 0.0000, -0.0000, 0.0000)
            (22.0000, 0.0000, 34.0000, 1.0000)>
MESH
FloorTile_Side.029
<Matrix 4x4 (-0.0000, 0.0000, -1.0000, 0.0000)
            (-0.0000, 1.0000,  0.0000, 0.0000)
            ( 1.0000, 0.0000, -0.0000, 0.0000)
            (24.0000, 0.0000, 34.0000, 1.0000)>
MESH
FloorTile_Side.030
<Matrix 4x4 (-0.0000, 0.0000, -1.0000, 0.0000)
            (-0.0000, 1.0000,  0.0000, 0.0000)
            ( 1.0000, 0.0000, -0.0000, 0.0000)
            (26.0000, 0.0000, 34.0000, 1.0000)>
MESH
FloorTile_Side.031
<Matrix 4x4 (-0.0000, 0.0000, -1.0000, 0.0000)
            (-0.0000, 1.0000,  0.0000, 0.0000)
            ( 1.0000, 0.0000, -0.0000, 0.0000)
            (28.0000, 0.0000, 34.0000, 1.0000)>
MESH
FloorTile_Side.032
<Matrix 4x4 (-0.0000, 0.0000, -1.0000, 0.0000)
            (-0.0000, 1.0000,  0.0000, 0.0000)
            ( 1.0000, 0.0000, -0.0000, 0.0000)
            (30.0000, 0.0000, 34.0000, 1.0000)>
MESH
FloorTile_Side.033
<Matrix 4x4 (-0.0000, 0.0000, -1.0000, 0.0000)
            (-0.0000, 1.0000,  0.0000, 0.0000)
            ( 1.0000, 0.0000, -0.0000, 0.0000)
            (32.0000, 0.0000, 34.0000, 1.0000)>
MESH
FloorTile_Corner.001
<Matrix 4x4 ( 0.0000, 0.0000, -1.0000, 0.0000)
            (-0.0000, 1.0000, -0.0000, 0.0000)
            ( 1.0000, 0.0000,  0.0000, 0.0000)
            (34.0000, 0.0000, 34.0000, 1.0000)>
MESH
FloorTile_Corner.002
<Matrix 4x4 (-1.0000, 0.0000,  -0.0000, 0.0000)
            (-0.0000, 1.0000,   0.0000, 0.0000)
            ( 0.0000, 0.0000,  -1.0000, 0.0000)
            (34.0000, 0.0000, -34.0000, 1.0000)>
MESH
FloorTile_Corner.003
<Matrix 4x4 ( -0.0000, 0.0000,   1.0000, 0.0000)
            (  0.0000, 1.0000,   0.0000, 0.0000)
            ( -1.0000, 0.0000,  -0.0000, 0.0000)
            (-34.0000, 0.0000, -34.0000, 1.0000)>
MESH
FloorTile_Side.034
<Matrix 4x4 (  0.0000, 0.0000,   1.0000, 0.0000)
            (  0.0000, 1.0000,  -0.0000, 0.0000)
            ( -1.0000, 0.0000,   0.0000, 0.0000)
            (-32.0000, 0.0000, -34.0000, 1.0000)>
MESH
FloorTile_Side.035
<Matrix 4x4 (  0.0000, 0.0000,   1.0000, 0.0000)
            (  0.0000, 1.0000,  -0.0000, 0.0000)
            ( -1.0000, 0.0000,   0.0000, 0.0000)
            (-30.0000, 0.0000, -34.0000, 1.0000)>
MESH
FloorTile_Side.036
<Matrix 4x4 (  0.0000, 0.0000,   1.0000, 0.0000)
            (  0.0000, 1.0000,  -0.0000, 0.0000)
            ( -1.0000, 0.0000,   0.0000, 0.0000)
            (-28.0000, 0.0000, -34.0000, 1.0000)>
MESH
FloorTile_Side.037
<Matrix 4x4 (  0.0000, 0.0000,   1.0000, 0.0000)
            (  0.0000, 1.0000,  -0.0000, 0.0000)
            ( -1.0000, 0.0000,   0.0000, 0.0000)
            (-26.0000, 0.0000, -34.0000, 1.0000)>
MESH
FloorTile_Side.038
<Matrix 4x4 (  0.0000, 0.0000,   1.0000, 0.0000)
            (  0.0000, 1.0000,  -0.0000, 0.0000)
            ( -1.0000, 0.0000,   0.0000, 0.0000)
            (-24.0000, 0.0000, -34.0000, 1.0000)>
MESH
FloorTile_Side.039
<Matrix 4x4 (  0.0000, 0.0000,   1.0000, 0.0000)
            (  0.0000, 1.0000,  -0.0000, 0.0000)
            ( -1.0000, 0.0000,   0.0000, 0.0000)
            (-20.0000, 0.0000, -34.0000, 1.0000)>
MESH
FloorTile_Side.040
<Matrix 4x4 (  0.0000, 0.0000,   1.0000, 0.0000)
            (  0.0000, 1.0000,  -0.0000, 0.0000)
            ( -1.0000, 0.0000,   0.0000, 0.0000)
            (-22.0000, 0.0000, -34.0000, 1.0000)>
MESH
FloorTile_Side.041
<Matrix 4x4 (  0.0000, 0.0000,   1.0000, 0.0000)
            (  0.0000, 1.0000,  -0.0000, 0.0000)
            ( -1.0000, 0.0000,   0.0000, 0.0000)
            (-18.0000, 0.0000, -34.0000, 1.0000)>
MESH
FloorTile_Side.042
<Matrix 4x4 (  0.0000, 0.0000,   1.0000, 0.0000)
            (  0.0000, 1.0000,  -0.0000, 0.0000)
            ( -1.0000, 0.0000,   0.0000, 0.0000)
            (-16.0000, 0.0000, -34.0000, 1.0000)>
MESH
FloorTile_Side.043
<Matrix 4x4 (  0.0000, 0.0000,   1.0000, 0.0000)
            (  0.0000, 1.0000,  -0.0000, 0.0000)
            ( -1.0000, 0.0000,   0.0000, 0.0000)
            (-14.0000, 0.0000, -34.0000, 1.0000)>
MESH
FloorTile_Side.044
<Matrix 4x4 (  0.0000, 0.0000,   1.0000, 0.0000)
            (  0.0000, 1.0000,  -0.0000, 0.0000)
            ( -1.0000, 0.0000,   0.0000, 0.0000)
            (-12.0000, 0.0000, -34.0000, 1.0000)>
MESH
FloorTile_Side.045
<Matrix 4x4 (  0.0000, 0.0000,   1.0000, 0.0000)
            (  0.0000, 1.0000,  -0.0000, 0.0000)
            ( -1.0000, 0.0000,   0.0000, 0.0000)
            (-10.0000, 0.0000, -34.0000, 1.0000)>
MESH
FloorTile_Side.046
<Matrix 4x4 ( 0.0000, 0.0000,   1.0000, 0.0000)
            ( 0.0000, 1.0000,  -0.0000, 0.0000)
            (-1.0000, 0.0000,   0.0000, 0.0000)
            (-8.0000, 0.0000, -34.0000, 1.0000)>
MESH
FloorTile_Side.047
<Matrix 4x4 ( 0.0000, 0.0000,   1.0000, 0.0000)
            ( 0.0000, 1.0000,  -0.0000, 0.0000)
            (-1.0000, 0.0000,   0.0000, 0.0000)
            (-6.0000, 0.0000, -34.0000, 1.0000)>
MESH
FloorTile_Side.048
<Matrix 4x4 ( 0.0000, 0.0000,   1.0000, 0.0000)
            ( 0.0000, 1.0000,  -0.0000, 0.0000)
            (-1.0000, 0.0000,   0.0000, 0.0000)
            (-4.0000, 0.0000, -34.0000, 1.0000)>
MESH
FloorTile_Side.049
<Matrix 4x4 ( 0.0000, 0.0000,   1.0000, 0.0000)
            ( 0.0000, 1.0000,  -0.0000, 0.0000)
            (-1.0000, 0.0000,   0.0000, 0.0000)
            (-2.0000, 0.0000, -34.0000, 1.0000)>
MESH
FloorTile_Side.050
<Matrix 4x4 ( 0.0000, 0.0000,   1.0000, 0.0000)
            ( 0.0000, 1.0000,  -0.0000, 0.0000)
            (-1.0000, 0.0000,   0.0000, 0.0000)
            ( 0.0000, 0.0000, -34.0000, 1.0000)>
MESH
FloorTile_Side.051
<Matrix 4x4 ( 0.0000, 0.0000,   1.0000, 0.0000)
            ( 0.0000, 1.0000,  -0.0000, 0.0000)
            (-1.0000, 0.0000,   0.0000, 0.0000)
            ( 2.0000, 0.0000, -34.0000, 1.0000)>
MESH
FloorTile_Side.052
<Matrix 4x4 ( 0.0000, 0.0000,   1.0000, 0.0000)
            ( 0.0000, 1.0000,  -0.0000, 0.0000)
            (-1.0000, 0.0000,   0.0000, 0.0000)
            ( 4.0000, 0.0000, -34.0000, 1.0000)>
MESH
FloorTile_Side.053
<Matrix 4x4 ( 0.0000, 0.0000,   1.0000, 0.0000)
            ( 0.0000, 1.0000,  -0.0000, 0.0000)
            (-1.0000, 0.0000,   0.0000, 0.0000)
            ( 6.0000, 0.0000, -34.0000, 1.0000)>
MESH
FloorTile_Side.054
<Matrix 4x4 ( 0.0000, 0.0000,   1.0000, 0.0000)
            ( 0.0000, 1.0000,  -0.0000, 0.0000)
            (-1.0000, 0.0000,   0.0000, 0.0000)
            ( 8.0000, 0.0000, -34.0000, 1.0000)>
MESH
FloorTile_Side.055
<Matrix 4x4 ( 0.0000, 0.0000,   1.0000, 0.0000)
            ( 0.0000, 1.0000,  -0.0000, 0.0000)
            (-1.0000, 0.0000,   0.0000, 0.0000)
            (10.0000, 0.0000, -34.0000, 1.0000)>
MESH
FloorTile_Side.056
<Matrix 4x4 ( 0.0000, 0.0000,   1.0000, 0.0000)
            ( 0.0000, 1.0000,  -0.0000, 0.0000)
            (-1.0000, 0.0000,   0.0000, 0.0000)
            (12.0000, 0.0000, -34.0000, 1.0000)>
MESH
FloorTile_Side.057
<Matrix 4x4 ( 0.0000, 0.0000,   1.0000, 0.0000)
            ( 0.0000, 1.0000,  -0.0000, 0.0000)
            (-1.0000, 0.0000,   0.0000, 0.0000)
            (14.0000, 0.0000, -34.0000, 1.0000)>
MESH
FloorTile_Side.058
<Matrix 4x4 ( 0.0000, 0.0000,   1.0000, 0.0000)
            ( 0.0000, 1.0000,  -0.0000, 0.0000)
            (-1.0000, 0.0000,   0.0000, 0.0000)
            (16.0000, 0.0000, -34.0000, 1.0000)>
MESH
FloorTile_Side.059
<Matrix 4x4 ( 0.0000, 0.0000,   1.0000, 0.0000)
            ( 0.0000, 1.0000,  -0.0000, 0.0000)
            (-1.0000, 0.0000,   0.0000, 0.0000)
            (18.0000, 0.0000, -34.0000, 1.0000)>
MESH
FloorTile_Side.060
<Matrix 4x4 ( 0.0000, 0.0000,   1.0000, 0.0000)
            ( 0.0000, 1.0000,  -0.0000, 0.0000)
            (-1.0000, 0.0000,   0.0000, 0.0000)
            (20.0000, 0.0000, -34.0000, 1.0000)>
MESH
FloorTile_Side.061
<Matrix 4x4 ( 0.0000, 0.0000,   1.0000, 0.0000)
            ( 0.0000, 1.0000,  -0.0000, 0.0000)
            (-1.0000, 0.0000,   0.0000, 0.0000)
            (22.0000, 0.0000, -34.0000, 1.0000)>
MESH
FloorTile_Side.062
<Matrix 4x4 ( 0.0000, 0.0000,   1.0000, 0.0000)
            ( 0.0000, 1.0000,  -0.0000, 0.0000)
            (-1.0000, 0.0000,   0.0000, 0.0000)
            (24.0000, 0.0000, -34.0000, 1.0000)>
MESH
FloorTile_Side.063
<Matrix 4x4 ( 0.0000, 0.0000,   1.0000, 0.0000)
            ( 0.0000, 1.0000,  -0.0000, 0.0000)
            (-1.0000, 0.0000,   0.0000, 0.0000)
            (26.0000, 0.0000, -34.0000, 1.0000)>
MESH
FloorTile_Side.064
<Matrix 4x4 ( 0.0000, 0.0000,   1.0000, 0.0000)
            ( 0.0000, 1.0000,  -0.0000, 0.0000)
            (-1.0000, 0.0000,   0.0000, 0.0000)
            (28.0000, 0.0000, -34.0000, 1.0000)>
MESH
FloorTile_Side.065
<Matrix 4x4 ( 0.0000, 0.0000,   1.0000, 0.0000)
            ( 0.0000, 1.0000,  -0.0000, 0.0000)
            (-1.0000, 0.0000,   0.0000, 0.0000)
            (30.0000, 0.0000, -34.0000, 1.0000)>
MESH
FloorTile_Side.066
<Matrix 4x4 ( 0.0000, 0.0000,   1.0000, 0.0000)
            ( 0.0000, 1.0000,  -0.0000, 0.0000)
            (-1.0000, 0.0000,   0.0000, 0.0000)
            (32.0000, 0.0000, -34.0000, 1.0000)>
MESH
FloorTile_Side.067
<Matrix 4x4 (  1.0000, 0.0000,   0.0000, 0.0000)
            (  0.0000, 1.0000,  -0.0000, 0.0000)
            (  0.0000, 0.0000,   1.0000, 0.0000)
            (-34.0000, 0.0619, -32.0000, 1.0000)>
MESH
FloorTile_Side.068
<Matrix 4x4 (  1.0000, 0.0000,   0.0000, 0.0000)
            (  0.0000, 1.0000,  -0.0000, 0.0000)
            (  0.0000, 0.0000,   1.0000, 0.0000)
            (-34.0000, 0.0000, -30.0000, 1.0000)>
MESH
FloorTile_Side.069
<Matrix 4x4 (  1.0000, 0.0000,   0.0000, 0.0000)
            (  0.0000, 1.0000,  -0.0000, 0.0000)
            (  0.0000, 0.0000,   1.0000, 0.0000)
            (-34.0000, 0.0000, -28.0000, 1.0000)>
MESH
FloorTile_Side.070
<Matrix 4x4 (  1.0000, 0.0000,   0.0000, 0.0000)
            (  0.0000, 1.0000,  -0.0000, 0.0000)
            (  0.0000, 0.0000,   1.0000, 0.0000)
            (-34.0000, 0.0000, -26.0000, 1.0000)>
MESH
FloorTile_Side.071
<Matrix 4x4 (  1.0000, 0.0000,   0.0000, 0.0000)
            (  0.0000, 1.0000,  -0.0000, 0.0000)
            (  0.0000, 0.0000,   1.0000, 0.0000)
            (-34.0000, 0.0000, -24.0000, 1.0000)>
MESH
FloorTile_Side.072
<Matrix 4x4 (  1.0000, 0.0000,   0.0000, 0.0000)
            (  0.0000, 1.0000,  -0.0000, 0.0000)
            (  0.0000, 0.0000,   1.0000, 0.0000)
            (-34.0000, 0.0000, -20.0000, 1.0000)>
MESH
FloorTile_Side.073
<Matrix 4x4 (  1.0000, 0.0000,   0.0000, 0.0000)
            (  0.0000, 1.0000,  -0.0000, 0.0000)
            (  0.0000, 0.0000,   1.0000, 0.0000)
            (-34.0000, 0.0000, -22.0000, 1.0000)>
MESH
FloorTile_Side.074
<Matrix 4x4 (  1.0000, 0.0000,   0.0000, 0.0000)
            (  0.0000, 1.0000,  -0.0000, 0.0000)
            (  0.0000, 0.0000,   1.0000, 0.0000)
            (-34.0000, 0.0000, -18.0000, 1.0000)>
MESH
FloorTile_Side.075
<Matrix 4x4 (  1.0000, 0.0000,   0.0000, 0.0000)
            (  0.0000, 1.0000,  -0.0000, 0.0000)
            (  0.0000, 0.0000,   1.0000, 0.0000)
            (-34.0000, 0.0000, -16.0000, 1.0000)>
MESH
FloorTile_Side.076
<Matrix 4x4 (  1.0000, 0.0000,   0.0000, 0.0000)
            (  0.0000, 1.0000,  -0.0000, 0.0000)
            (  0.0000, 0.0000,   1.0000, 0.0000)
            (-34.0000, 0.0000, -14.0000, 1.0000)>
MESH
FloorTile_Side.077
<Matrix 4x4 (  1.0000, 0.0000,   0.0000, 0.0000)
            (  0.0000, 1.0000,  -0.0000, 0.0000)
            (  0.0000, 0.0000,   1.0000, 0.0000)
            (-34.0000, 0.0000, -12.0000, 1.0000)>
MESH
FloorTile_Side.078
<Matrix 4x4 (  1.0000, 0.0000,   0.0000, 0.0000)
            (  0.0000, 1.0000,  -0.0000, 0.0000)
            (  0.0000, 0.0000,   1.0000, 0.0000)
            (-34.0000, 0.0000, -10.0000, 1.0000)>
MESH
FloorTile_Side.079
<Matrix 4x4 (  1.0000, 0.0000,  0.0000, 0.0000)
            (  0.0000, 1.0000, -0.0000, 0.0000)
            (  0.0000, 0.0000,  1.0000, 0.0000)
            (-34.0000, 0.0000, -8.0000, 1.0000)>
MESH
FloorTile_Side.080
<Matrix 4x4 (  1.0000, 0.0000,  0.0000, 0.0000)
            (  0.0000, 1.0000, -0.0000, 0.0000)
            (  0.0000, 0.0000,  1.0000, 0.0000)
            (-34.0000, 0.0000, -6.0000, 1.0000)>
MESH
FloorTile_Side.081
<Matrix 4x4 (  1.0000, 0.0000,  0.0000, 0.0000)
            (  0.0000, 1.0000, -0.0000, 0.0000)
            (  0.0000, 0.0000,  1.0000, 0.0000)
            (-34.0000, 0.0000, -4.0000, 1.0000)>
MESH
FloorTile_Side.082
<Matrix 4x4 (  1.0000, 0.0000,  0.0000, 0.0000)
            (  0.0000, 1.0000, -0.0000, 0.0000)
            (  0.0000, 0.0000,  1.0000, 0.0000)
            (-34.0000, 0.0000, -2.0000, 1.0000)>
MESH
FloorTile_Side.083
<Matrix 4x4 (  1.0000, 0.0000,  0.0000, 0.0000)
            (  0.0000, 1.0000, -0.0000, 0.0000)
            (  0.0000, 0.0000,  1.0000, 0.0000)
            (-34.0000, 0.0000,  0.0000, 1.0000)>
MESH
FloorTile_Side.084
<Matrix 4x4 (  1.0000, 0.0000,  0.0000, 0.0000)
            (  0.0000, 1.0000, -0.0000, 0.0000)
            (  0.0000, 0.0000,  1.0000, 0.0000)
            (-34.0000, 0.0000,  2.0000, 1.0000)>
MESH
FloorTile_Side.085
<Matrix 4x4 (  1.0000, 0.0000,  0.0000, 0.0000)
            (  0.0000, 1.0000, -0.0000, 0.0000)
            (  0.0000, 0.0000,  1.0000, 0.0000)
            (-34.0000, 0.0000,  4.0000, 1.0000)>
MESH
FloorTile_Side.086
<Matrix 4x4 (  1.0000, 0.0000,  0.0000, 0.0000)
            (  0.0000, 1.0000, -0.0000, 0.0000)
            (  0.0000, 0.0000,  1.0000, 0.0000)
            (-34.0000, 0.0000,  6.0000, 1.0000)>
MESH
FloorTile_Side.087
<Matrix 4x4 (  1.0000, 0.0000,  0.0000, 0.0000)
            (  0.0000, 1.0000, -0.0000, 0.0000)
            (  0.0000, 0.0000,  1.0000, 0.0000)
            (-34.0000, 0.0000,  8.0000, 1.0000)>
MESH
FloorTile_Side.088
<Matrix 4x4 (  1.0000, 0.0000,  0.0000, 0.0000)
            (  0.0000, 1.0000, -0.0000, 0.0000)
            (  0.0000, 0.0000,  1.0000, 0.0000)
            (-34.0000, 0.0000, 10.0000, 1.0000)>
MESH
FloorTile_Side.089
<Matrix 4x4 (  1.0000, 0.0000,  0.0000, 0.0000)
            (  0.0000, 1.0000, -0.0000, 0.0000)
            (  0.0000, 0.0000,  1.0000, 0.0000)
            (-34.0000, 0.0000, 12.0000, 1.0000)>
MESH
FloorTile_Side.090
<Matrix 4x4 (  1.0000, 0.0000,  0.0000, 0.0000)
            (  0.0000, 1.0000, -0.0000, 0.0000)
            (  0.0000, 0.0000,  1.0000, 0.0000)
            (-34.0000, 0.0000, 14.0000, 1.0000)>
MESH
FloorTile_Side.091
<Matrix 4x4 (  1.0000, 0.0000,  0.0000, 0.0000)
            (  0.0000, 1.0000, -0.0000, 0.0000)
            (  0.0000, 0.0000,  1.0000, 0.0000)
            (-34.0000, 0.0000, 16.0000, 1.0000)>
MESH
FloorTile_Side.092
<Matrix 4x4 (  1.0000, 0.0000,  0.0000, 0.0000)
            (  0.0000, 1.0000, -0.0000, 0.0000)
            (  0.0000, 0.0000,  1.0000, 0.0000)
            (-34.0000, 0.0000, 18.0000, 1.0000)>
MESH
FloorTile_Side.093
<Matrix 4x4 (  1.0000, 0.0000,  0.0000, 0.0000)
            (  0.0000, 1.0000, -0.0000, 0.0000)
            (  0.0000, 0.0000,  1.0000, 0.0000)
            (-34.0000, 0.0000, 20.0000, 1.0000)>
MESH
FloorTile_Side.094
<Matrix 4x4 (  1.0000, 0.0000,  0.0000, 0.0000)
            (  0.0000, 1.0000, -0.0000, 0.0000)
            (  0.0000, 0.0000,  1.0000, 0.0000)
            (-34.0000, 0.0000, 22.0000, 1.0000)>
MESH
FloorTile_Side.095
<Matrix 4x4 (  1.0000, 0.0000,  0.0000, 0.0000)
            (  0.0000, 1.0000, -0.0000, 0.0000)
            (  0.0000, 0.0000,  1.0000, 0.0000)
            (-34.0000, 0.0000, 24.0000, 1.0000)>
MESH
FloorTile_Side.096
<Matrix 4x4 (  1.0000, 0.0000,  0.0000, 0.0000)
            (  0.0000, 1.0000, -0.0000, 0.0000)
            (  0.0000, 0.0000,  1.0000, 0.0000)
            (-34.0000, 0.0000, 26.0000, 1.0000)>
MESH
FloorTile_Side.097
<Matrix 4x4 (  1.0000, 0.0000,  0.0000, 0.0000)
            (  0.0000, 1.0000, -0.0000, 0.0000)
            (  0.0000, 0.0000,  1.0000, 0.0000)
            (-34.0000, 0.0000, 28.0000, 1.0000)>
MESH
FloorTile_Side.098
<Matrix 4x4 (  1.0000, 0.0000,  0.0000, 0.0000)
            (  0.0000, 1.0000, -0.0000, 0.0000)
            (  0.0000, 0.0000,  1.0000, 0.0000)
            (-34.0000, 0.0000, 30.0000, 1.0000)>
MESH
FloorTile_Side.099
<Matrix 4x4 (  1.0000, 0.0000,  0.0000, 0.0000)
            (  0.0000, 1.0000, -0.0000, 0.0000)
            (  0.0000, 0.0000,  1.0000, 0.0000)
            (-34.0000, 0.0000, 32.0000, 1.0000)>
MESH
FloorTile_Side.100
<Matrix 4x4 (-1.0000, 0.0000, -0.0000, 0.0000)
            (-0.0000, 1.0000,  0.0000, 0.0000)
            ( 0.0000, 0.0000, -1.0000, 0.0000)
            (34.0000, 0.0000, 32.0000, 1.0000)>
MESH
FloorTile_Side.101
<Matrix 4x4 (-1.0000, 0.0000, -0.0000, 0.0000)
            (-0.0000, 1.0000,  0.0000, 0.0000)
            ( 0.0000, 0.0000, -1.0000, 0.0000)
            (34.0000, 0.0000, 30.0000, 1.0000)>
MESH
FloorTile_Side.102
<Matrix 4x4 (-1.0000, 0.0000, -0.0000, 0.0000)
            (-0.0000, 1.0000,  0.0000, 0.0000)
            ( 0.0000, 0.0000, -1.0000, 0.0000)
            (34.0000, 0.0000, 28.0000, 1.0000)>
MESH
FloorTile_Side.103
<Matrix 4x4 (-1.0000, 0.0000, -0.0000, 0.0000)
            (-0.0000, 1.0000,  0.0000, 0.0000)
            ( 0.0000, 0.0000, -1.0000, 0.0000)
            (34.0000, 0.0000, 26.0000, 1.0000)>
MESH
FloorTile_Side.104
<Matrix 4x4 (-1.0000, 0.0000, -0.0000, 0.0000)
            (-0.0000, 1.0000,  0.0000, 0.0000)
            ( 0.0000, 0.0000, -1.0000, 0.0000)
            (34.0000, 0.0000, 24.0000, 1.0000)>
MESH
FloorTile_Side.105
<Matrix 4x4 (-1.0000, 0.0000, -0.0000, 0.0000)
            (-0.0000, 1.0000,  0.0000, 0.0000)
            ( 0.0000, 0.0000, -1.0000, 0.0000)
            (34.0000, 0.0000, 22.0000, 1.0000)>
MESH
FloorTile_Side.106
<Matrix 4x4 (-1.0000, 0.0000, -0.0000, 0.0000)
            (-0.0000, 1.0000,  0.0000, 0.0000)
            ( 0.0000, 0.0000, -1.0000, 0.0000)
            (34.0000, 0.0000, 20.0000, 1.0000)>
MESH
FloorTile_Side.107
<Matrix 4x4 (-1.0000, 0.0000, -0.0000, 0.0000)
            (-0.0000, 1.0000,  0.0000, 0.0000)
            ( 0.0000, 0.0000, -1.0000, 0.0000)
            (34.0000, 0.0000, 18.0000, 1.0000)>
MESH
FloorTile_Side.108
<Matrix 4x4 (-1.0000, 0.0000, -0.0000, 0.0000)
            (-0.0000, 1.0000,  0.0000, 0.0000)
            ( 0.0000, 0.0000, -1.0000, 0.0000)
            (34.0000, 0.0000, 16.0000, 1.0000)>
MESH
FloorTile_Side.109
<Matrix 4x4 (-1.0000, 0.0000, -0.0000, 0.0000)
            (-0.0000, 1.0000,  0.0000, 0.0000)
            ( 0.0000, 0.0000, -1.0000, 0.0000)
            (34.0000, 0.0000, 14.0000, 1.0000)>
MESH
FloorTile_Side.110
<Matrix 4x4 (-1.0000, 0.0000, -0.0000, 0.0000)
            (-0.0000, 1.0000,  0.0000, 0.0000)
            ( 0.0000, 0.0000, -1.0000, 0.0000)
            (34.0000, 0.0000, 12.0000, 1.0000)>
MESH
FloorTile_Side.111
<Matrix 4x4 (-1.0000, 0.0000, -0.0000, 0.0000)
            (-0.0000, 1.0000,  0.0000, 0.0000)
            ( 0.0000, 0.0000, -1.0000, 0.0000)
            (34.0000, 0.0000, 10.0000, 1.0000)>
MESH
FloorTile_Side.112
<Matrix 4x4 (-1.0000, 0.0000, -0.0000, 0.0000)
            (-0.0000, 1.0000,  0.0000, 0.0000)
            ( 0.0000, 0.0000, -1.0000, 0.0000)
            (34.0000, 0.0000,  8.0000, 1.0000)>
MESH
FloorTile_Side.113
<Matrix 4x4 (-1.0000, 0.0000, -0.0000, 0.0000)
            (-0.0000, 1.0000,  0.0000, 0.0000)
            ( 0.0000, 0.0000, -1.0000, 0.0000)
            (34.0000, 0.0000,  6.0000, 1.0000)>
MESH
FloorTile_Side.114
<Matrix 4x4 (-1.0000, 0.0000, -0.0000, 0.0000)
            (-0.0000, 1.0000,  0.0000, 0.0000)
            ( 0.0000, 0.0000, -1.0000, 0.0000)
            (34.0000, 0.0000,  4.0000, 1.0000)>
MESH
FloorTile_Side.115
<Matrix 4x4 (-1.0000, 0.0000, -0.0000, 0.0000)
            (-0.0000, 1.0000,  0.0000, 0.0000)
            ( 0.0000, 0.0000, -1.0000, 0.0000)
            (34.0000, 0.0000,  2.0000, 1.0000)>
MESH
FloorTile_Side.116
<Matrix 4x4 (-1.0000, 0.0000, -0.0000, 0.0000)
            (-0.0000, 1.0000,  0.0000, 0.0000)
            ( 0.0000, 0.0000, -1.0000, 0.0000)
            (34.0000, 0.0000,  0.0000, 1.0000)>
MESH
FloorTile_Side.117
<Matrix 4x4 (-1.0000, 0.0000, -0.0000, 0.0000)
            (-0.0000, 1.0000,  0.0000, 0.0000)
            ( 0.0000, 0.0000, -1.0000, 0.0000)
            (34.0000, 0.0000, -2.0000, 1.0000)>
MESH
FloorTile_Side.118
<Matrix 4x4 (-1.0000, 0.0000, -0.0000, 0.0000)
            (-0.0000, 1.0000,  0.0000, 0.0000)
            ( 0.0000, 0.0000, -1.0000, 0.0000)
            (34.0000, 0.0000, -4.0000, 1.0000)>
MESH
FloorTile_Side.119
<Matrix 4x4 (-1.0000, 0.0000, -0.0000, 0.0000)
            (-0.0000, 1.0000,  0.0000, 0.0000)
            ( 0.0000, 0.0000, -1.0000, 0.0000)
            (34.0000, 0.0000, -6.0000, 1.0000)>
MESH
FloorTile_Side.120
<Matrix 4x4 (-1.0000, 0.0000, -0.0000, 0.0000)
            (-0.0000, 1.0000,  0.0000, 0.0000)
            ( 0.0000, 0.0000, -1.0000, 0.0000)
            (34.0000, 0.0000, -8.0000, 1.0000)>
MESH
FloorTile_Side.121
<Matrix 4x4 (-1.0000, 0.0000,  -0.0000, 0.0000)
            (-0.0000, 1.0000,   0.0000, 0.0000)
            ( 0.0000, 0.0000,  -1.0000, 0.0000)
            (34.0000, 0.0000, -10.0000, 1.0000)>
MESH
FloorTile_Side.122
<Matrix 4x4 (-1.0000, 0.0000,  -0.0000, 0.0000)
            (-0.0000, 1.0000,   0.0000, 0.0000)
            ( 0.0000, 0.0000,  -1.0000, 0.0000)
            (34.0000, 0.0000, -12.0000, 1.0000)>
MESH
FloorTile_Side.123
<Matrix 4x4 (-1.0000, 0.0000,  -0.0000, 0.0000)
            (-0.0000, 1.0000,   0.0000, 0.0000)
            ( 0.0000, 0.0000,  -1.0000, 0.0000)
            (34.0000, 0.0000, -14.0000, 1.0000)>
MESH
FloorTile_Side.124
<Matrix 4x4 (-1.0000, 0.0000,  -0.0000, 0.0000)
            (-0.0000, 1.0000,   0.0000, 0.0000)
            ( 0.0000, 0.0000,  -1.0000, 0.0000)
            (34.0000, 0.0000, -16.0000, 1.0000)>
MESH
FloorTile_Side.125
<Matrix 4x4 (-1.0000, 0.0000,  -0.0000, 0.0000)
            (-0.0000, 1.0000,   0.0000, 0.0000)
            ( 0.0000, 0.0000,  -1.0000, 0.0000)
            (34.0000, 0.0000, -18.0000, 1.0000)>
MESH
FloorTile_Side.126
<Matrix 4x4 (-1.0000, 0.0000,  -0.0000, 0.0000)
            (-0.0000, 1.0000,   0.0000, 0.0000)
            ( 0.0000, 0.0000,  -1.0000, 0.0000)
            (34.0000, 0.0000, -20.0000, 1.0000)>
MESH
FloorTile_Side.127
<Matrix 4x4 (-1.0000, 0.0000,  -0.0000, 0.0000)
            (-0.0000, 1.0000,   0.0000, 0.0000)
            ( 0.0000, 0.0000,  -1.0000, 0.0000)
            (34.0000, 0.0000, -22.0000, 1.0000)>
MESH
FloorTile_Side.128
<Matrix 4x4 (-1.0000, 0.0000,  -0.0000, 0.0000)
            (-0.0000, 1.0000,   0.0000, 0.0000)
            ( 0.0000, 0.0000,  -1.0000, 0.0000)
            (34.0000, 0.0000, -24.0000, 1.0000)>
MESH
FloorTile_Side.129
<Matrix 4x4 (-1.0000, 0.0000,  -0.0000, 0.0000)
            (-0.0000, 1.0000,   0.0000, 0.0000)
            ( 0.0000, 0.0000,  -1.0000, 0.0000)
            (34.0000, 0.0000, -26.0000, 1.0000)>
MESH
FloorTile_Side.130
<Matrix 4x4 (-1.0000, 0.0000,  -0.0000, 0.0000)
            (-0.0000, 1.0000,   0.0000, 0.0000)
            ( 0.0000, 0.0000,  -1.0000, 0.0000)
            (34.0000, 0.0000, -28.0000, 1.0000)>
MESH
FloorTile_Side.131
<Matrix 4x4 (-1.0000, 0.0000,  -0.0000, 0.0000)
            (-0.0000, 1.0000,   0.0000, 0.0000)
            ( 0.0000, 0.0000,  -1.0000, 0.0000)
            (34.0000, 0.0000, -30.0000, 1.0000)>
MESH
FloorTile_Side.132
<Matrix 4x4 (-1.0000, 0.0000,  -0.0000, 0.0000)
            (-0.0000, 1.0000,   0.0000, 0.0000)
            ( 0.0000, 0.0000,  -1.0000, 0.0000)
            (34.0000, 0.0000, -32.0000, 1.0000)>
MESH
DoorDoubleLong_Wall_SideA
<Matrix 4x4 ( -0.0000, 0.0000,  1.0000, 0.0000)
            (  0.0000, 1.0000,  0.0000, 0.0000)
            ( -1.0000, 0.0000, -0.0000, 0.0000)
            (-35.0000, 0.0000,  0.0000, 1.0000)>
MESH
Wall_Empty
<Matrix 4x4 ( -0.0000, 0.0000,  1.0000, 0.0000)
            (  0.0000, 1.0000,  0.0000, 0.0000)
            ( -1.0000, 0.0000, -0.0000, 0.0000)
            (-35.0000, 0.0000,  4.0000, 1.0000)>
MESH
Wall_Empty.001
<Matrix 4x4 ( -0.0000, 0.0000,  1.0000, 0.0000)
            (  0.0000, 1.0000,  0.0000, 0.0000)
            ( -1.0000, 0.0000, -0.0000, 0.0000)
            (-35.0000, 0.0000,  8.0000, 1.0000)>
MESH
Wall_Empty.002
<Matrix 4x4 ( -0.0000, 0.0000,  1.0000, 0.0000)
            (  0.0000, 1.0000,  0.0000, 0.0000)
            ( -1.0000, 0.0000, -0.0000, 0.0000)
            (-35.0000, 0.0000, 12.0000, 1.0000)>
MESH
Wall_Empty.003
<Matrix 4x4 ( -0.0000, 0.0000,  1.0000, 0.0000)
            (  0.0000, 1.0000,  0.0000, 0.0000)
            ( -1.0000, 0.0000, -0.0000, 0.0000)
            (-35.0000, 0.0000, 16.0000, 1.0000)>
MESH
Wall_Empty.004
<Matrix 4x4 ( -0.0000, 0.0000,  1.0000, 0.0000)
            (  0.0000, 1.0000,  0.0000, 0.0000)
            ( -1.0000, 0.0000, -0.0000, 0.0000)
            (-35.0000, 0.0000, 20.0000, 1.0000)>
MESH
Wall_Empty.005
<Matrix 4x4 ( -0.0000, 0.0000,  1.0000, 0.0000)
            (  0.0000, 1.0000,  0.0000, 0.0000)
            ( -1.0000, 0.0000, -0.0000, 0.0000)
            (-35.0000, 0.0000, 24.0000, 1.0000)>
MESH
Wall_Empty.006
<Matrix 4x4 ( -0.0000, 0.0000,  1.0000, 0.0000)
            (  0.0000, 1.0000,  0.0000, 0.0000)
            ( -1.0000, 0.0000, -0.0000, 0.0000)
            (-35.0000, 0.0000, 28.0000, 1.0000)>
MESH
Wall_Empty.007
<Matrix 4x4 ( -0.0000, 0.0000,  1.0000, 0.0000)
            (  0.0000, 1.0000,  0.0000, 0.0000)
            ( -1.0000, 0.0000, -0.0000, 0.0000)
            (-35.0000, 0.0000, 32.0000, 1.0000)>
MESH
Column_3
<Matrix 4x4 (  2.0000, 0.0000,  0.0000, 0.0000)
            (  0.0000, 1.0000, -0.0000, 0.0000)
            (  0.0000, 0.0000,  2.0000, 0.0000)
            (-34.5000, 0.0000, 34.5000, 1.0000)>
MESH
Wall_Empty.008
<Matrix 4x4 ( -0.0000, 0.0000,  1.0000, 0.0000)
            (  0.0000, 1.0000,  0.0000, 0.0000)
            ( -1.0000, 0.0000, -0.0000, 0.0000)
            (-35.0000, 0.0000, -4.0000, 1.0000)>
MESH
Wall_Empty.009
<Matrix 4x4 ( -0.0000, 0.0000,  1.0000, 0.0000)
            (  0.0000, 1.0000,  0.0000, 0.0000)
            ( -1.0000, 0.0000, -0.0000, 0.0000)
            (-35.0000, 0.0000, -8.0000, 1.0000)>
MESH
Wall_Empty.010
<Matrix 4x4 ( -0.0000, 0.0000,   1.0000, 0.0000)
            (  0.0000, 1.0000,   0.0000, 0.0000)
            ( -1.0000, 0.0000,  -0.0000, 0.0000)
            (-35.0000, 0.0000, -12.0000, 1.0000)>
MESH
Wall_Empty.011
<Matrix 4x4 ( -0.0000, 0.0000,   1.0000, 0.0000)
            (  0.0000, 1.0000,   0.0000, 0.0000)
            ( -1.0000, 0.0000,  -0.0000, 0.0000)
            (-35.0000, 0.0000, -16.0000, 1.0000)>
MESH
Wall_Empty.012
<Matrix 4x4 ( -0.0000, 0.0000,   1.0000, 0.0000)
            (  0.0000, 1.0000,   0.0000, 0.0000)
            ( -1.0000, 0.0000,  -0.0000, 0.0000)
            (-35.0000, 0.0000, -20.0000, 1.0000)>
MESH
Wall_Empty.013
<Matrix 4x4 ( -0.0000, 0.0000,   1.0000, 0.0000)
            (  0.0000, 1.0000,   0.0000, 0.0000)
            ( -1.0000, 0.0000,  -0.0000, 0.0000)
            (-35.0000, 0.0000, -24.0000, 1.0000)>
MESH
Wall_Empty.014
<Matrix 4x4 ( -0.0000, 0.0000,   1.0000, 0.0000)
            (  0.0000, 1.0000,   0.0000, 0.0000)
            ( -1.0000, 0.0000,  -0.0000, 0.0000)
            (-35.0000, 0.0000, -28.0000, 1.0000)>
MESH
Wall_Empty.015
<Matrix 4x4 ( -0.0000, 0.0000,   1.0000, 0.0000)
            (  0.0000, 1.0000,   0.0000, 0.0000)
            ( -1.0000, 0.0000,  -0.0000, 0.0000)
            (-35.0000, 0.0000, -32.0000, 1.0000)>
MESH
Column_3.001
<Matrix 4x4 ( 2.0000, 0.0000,   0.0000, 0.0000)
            ( 0.0000, 1.0000,  -0.0000, 0.0000)
            ( 0.0000, 0.0000,   2.0000, 0.0000)
            (34.5000, 0.0000, -34.5000, 1.0000)>
MESH
Column_3.002
<Matrix 4x4 (  2.0000, 0.0000,   0.0000, 0.0000)
            (  0.0000, 1.0000,  -0.0000, 0.0000)
            (  0.0000, 0.0000,   2.0000, 0.0000)
            (-34.5000, 4.3000, -34.5000, 1.0000)>
MESH
Wall_Empty.016
<Matrix 4x4 ( -0.0000, 0.0000,   1.0000, 0.0000)
            (  0.0000, 1.0000,   0.0000, 0.0000)
            ( -1.0000, 0.0000,  -0.0000, 0.0000)
            (-35.0000, 4.3500, -32.0000, 1.0000)>
MESH
Wall_Empty.017
<Matrix 4x4 ( -0.0000, 0.0000,   1.0000, 0.0000)
            (  0.0000, 1.0000,   0.0000, 0.0000)
            ( -1.0000, 0.0000,  -0.0000, 0.0000)
            (-35.0000, 4.3500, -28.0000, 1.0000)>
MESH
Wall_Empty.018
<Matrix 4x4 ( -0.0000, 0.0000,   1.0000, 0.0000)
            (  0.0000, 1.0000,   0.0000, 0.0000)
            ( -1.0000, 0.0000,  -0.0000, 0.0000)
            (-35.0000, 4.3500, -24.0000, 1.0000)>
MESH
Wall_Empty.019
<Matrix 4x4 ( -0.0000, 0.0000,   1.0000, 0.0000)
            (  0.0000, 1.0000,   0.0000, 0.0000)
            ( -1.0000, 0.0000,  -0.0000, 0.0000)
            (-35.0000, 4.3500, -20.0000, 1.0000)>
MESH
Wall_Empty.020
<Matrix 4x4 ( -0.0000, 0.0000,   1.0000, 0.0000)
            (  0.0000, 1.0000,   0.0000, 0.0000)
            ( -1.0000, 0.0000,  -0.0000, 0.0000)
            (-35.0000, 4.3500, -16.0000, 1.0000)>
MESH
Wall_Empty.021
<Matrix 4x4 ( -0.0000, 0.0000,   1.0000, 0.0000)
            (  0.0000, 1.0000,   0.0000, 0.0000)
            ( -1.0000, 0.0000,  -0.0000, 0.0000)
            (-35.0000, 4.3500, -12.0000, 1.0000)>
MESH
Wall_Empty.022
<Matrix 4x4 ( -0.0000, 0.0000,  1.0000, 0.0000)
            (  0.0000, 1.0000,  0.0000, 0.0000)
            ( -1.0000, 0.0000, -0.0000, 0.0000)
            (-35.0000, 4.3500, -8.0000, 1.0000)>
MESH
Wall_Empty.023
<Matrix 4x4 ( -0.0000, 0.0000,  1.0000, 0.0000)
            (  0.0000, 1.0000,  0.0000, 0.0000)
            ( -1.0000, 0.0000, -0.0000, 0.0000)
            (-35.0000, 4.3500, -4.0000, 1.0000)>
MESH
Wall_Empty.024
<Matrix 4x4 ( -0.0000, 0.0000,  1.0000, 0.0000)
            (  0.0000, 1.0000,  0.0000, 0.0000)
            ( -1.0000, 0.0000, -0.0000, 0.0000)
            (-35.0000, 4.3500,  0.0000, 1.0000)>
MESH
Wall_Empty.025
<Matrix 4x4 ( -0.0000, 0.0000,  1.0000, 0.0000)
            (  0.0000, 1.0000,  0.0000, 0.0000)
            ( -1.0000, 0.0000, -0.0000, 0.0000)
            (-35.0000, 4.3500,  0.0000, 1.0000)>
MESH
Wall_Empty.026
<Matrix 4x4 ( -0.0000, 0.0000,  1.0000, 0.0000)
            (  0.0000, 1.0000,  0.0000, 0.0000)
            ( -1.0000, 0.0000, -0.0000, 0.0000)
            (-35.0000, 4.3500,  4.0000, 1.0000)>
MESH
Wall_Empty.027
<Matrix 4x4 ( -0.0000, 0.0000,  1.0000, 0.0000)
            (  0.0000, 1.0000,  0.0000, 0.0000)
            ( -1.0000, 0.0000, -0.0000, 0.0000)
            (-35.0000, 4.3500,  8.0000, 1.0000)>
MESH
Wall_Empty.028
<Matrix 4x4 ( -0.0000, 0.0000,  1.0000, 0.0000)
            (  0.0000, 1.0000,  0.0000, 0.0000)
            ( -1.0000, 0.0000, -0.0000, 0.0000)
            (-35.0000, 4.3500, 12.0000, 1.0000)>
MESH
Wall_Empty.029
<Matrix 4x4 ( -0.0000, 0.0000,  1.0000, 0.0000)
            (  0.0000, 1.0000,  0.0000, 0.0000)
            ( -1.0000, 0.0000, -0.0000, 0.0000)
            (-35.0000, 4.3500, 16.0000, 1.0000)>
MESH
Wall_Empty.030
<Matrix 4x4 ( -0.0000, 0.0000,  1.0000, 0.0000)
            (  0.0000, 1.0000,  0.0000, 0.0000)
            ( -1.0000, 0.0000, -0.0000, 0.0000)
            (-35.0000, 4.3500, 20.0000, 1.0000)>
MESH
Wall_Empty.031
<Matrix 4x4 ( -0.0000, 0.0000,  1.0000, 0.0000)
            (  0.0000, 1.0000,  0.0000, 0.0000)
            ( -1.0000, 0.0000, -0.0000, 0.0000)
            (-35.0000, 4.3500, 24.0000, 1.0000)>
MESH
Wall_Empty.032
<Matrix 4x4 ( -0.0000, 0.0000,  1.0000, 0.0000)
            (  0.0000, 1.0000,  0.0000, 0.0000)
            ( -1.0000, 0.0000, -0.0000, 0.0000)
            (-35.0000, 4.3500, 28.0000, 1.0000)>
MESH
Wall_Empty.033
<Matrix 4x4 ( -0.0000, 0.0000,  1.0000, 0.0000)
            (  0.0000, 1.0000,  0.0000, 0.0000)
            ( -1.0000, 0.0000, -0.0000, 0.0000)
            (-35.0000, 4.3500, 32.0000, 1.0000)>
MESH
Column_3.003
<Matrix 4x4 (  2.0000, 0.0000,  0.0000, 0.0000)
            (  0.0000, 1.0000, -0.0000, 0.0000)
            (  0.0000, 0.0000,  2.0000, 0.0000)
            (-34.5000, 4.3000, 34.5000, 1.0000)>
MESH
Wall_Empty.034
<Matrix 4x4 ( -0.0000, 0.0000,   1.0000, 0.0000)
            (  0.0000, 1.0000,   0.0000, 0.0000)
            ( -1.0000, 0.0000,  -0.0000, 0.0000)
            (-35.0000, 8.7000, -32.0000, 1.0000)>
MESH
Wall_Empty.035
<Matrix 4x4 ( -0.0000, 0.0000,   1.0000, 0.0000)
            (  0.0000, 1.0000,   0.0000, 0.0000)
            ( -1.0000, 0.0000,  -0.0000, 0.0000)
            (-35.0000, 8.7000, -28.0000, 1.0000)>
MESH
Wall_Empty.036
<Matrix 4x4 ( -0.0000, 0.0000,   1.0000, 0.0000)
            (  0.0000, 1.0000,   0.0000, 0.0000)
            ( -1.0000, 0.0000,  -0.0000, 0.0000)
            (-35.0000, 8.7000, -24.0000, 1.0000)>
MESH
Wall_Empty.037
<Matrix 4x4 ( -0.0000, 0.0000,   1.0000, 0.0000)
            (  0.0000, 1.0000,   0.0000, 0.0000)
            ( -1.0000, 0.0000,  -0.0000, 0.0000)
            (-35.0000, 8.7000, -20.0000, 1.0000)>
MESH
Wall_Empty.038
<Matrix 4x4 ( -0.0000, 0.0000,   1.0000, 0.0000)
            (  0.0000, 1.0000,   0.0000, 0.0000)
            ( -1.0000, 0.0000,  -0.0000, 0.0000)
            (-35.0000, 8.7000, -16.0000, 1.0000)>
MESH
Wall_Empty.039
<Matrix 4x4 ( -0.0000, 0.0000,   1.0000, 0.0000)
            (  0.0000, 1.0000,   0.0000, 0.0000)
            ( -1.0000, 0.0000,  -0.0000, 0.0000)
            (-35.0000, 8.7000, -12.0000, 1.0000)>
MESH
Wall_Empty.040
<Matrix 4x4 ( -0.0000, 0.0000,  1.0000, 0.0000)
            (  0.0000, 1.0000,  0.0000, 0.0000)
            ( -1.0000, 0.0000, -0.0000, 0.0000)
            (-35.0000, 8.7000, -8.0000, 1.0000)>
MESH
Wall_Empty.041
<Matrix 4x4 ( -0.0000, 0.0000,  1.0000, 0.0000)
            (  0.0000, 1.0000,  0.0000, 0.0000)
            ( -1.0000, 0.0000, -0.0000, 0.0000)
            (-35.0000, 8.7000, -4.0000, 1.0000)>
MESH
Wall_Empty.042
<Matrix 4x4 ( -0.0000, 0.0000,  1.0000, 0.0000)
            (  0.0000, 1.0000,  0.0000, 0.0000)
            ( -1.0000, 0.0000, -0.0000, 0.0000)
            (-35.0000, 8.7000,  0.0000, 1.0000)>
MESH
Wall_Empty.043
<Matrix 4x4 ( -0.0000, 0.0000,  1.0000, 0.0000)
            (  0.0000, 1.0000,  0.0000, 0.0000)
            ( -1.0000, 0.0000, -0.0000, 0.0000)
            (-35.0000, 8.7000,  4.0000, 1.0000)>
MESH
Wall_Empty.044
<Matrix 4x4 ( -0.0000, 0.0000,  1.0000, 0.0000)
            (  0.0000, 1.0000,  0.0000, 0.0000)
            ( -1.0000, 0.0000, -0.0000, 0.0000)
            (-35.0000, 8.7000,  8.0000, 1.0000)>
MESH
Wall_Empty.045
<Matrix 4x4 ( -0.0000, 0.0000,  1.0000, 0.0000)
            (  0.0000, 1.0000,  0.0000, 0.0000)
            ( -1.0000, 0.0000, -0.0000, 0.0000)
            (-35.0000, 8.7000, 12.0000, 1.0000)>
MESH
Wall_Empty.046
<Matrix 4x4 ( -0.0000, 0.0000,  1.0000, 0.0000)
            (  0.0000, 1.0000,  0.0000, 0.0000)
            ( -1.0000, 0.0000, -0.0000, 0.0000)
            (-35.0000, 8.7000, 16.0000, 1.0000)>
MESH
Wall_Empty.047
<Matrix 4x4 ( -0.0000, 0.0000,  1.0000, 0.0000)
            (  0.0000, 1.0000,  0.0000, 0.0000)
            ( -1.0000, 0.0000, -0.0000, 0.0000)
            (-35.0000, 8.7000, 20.0000, 1.0000)>
MESH
Wall_Empty.048
<Matrix 4x4 ( -0.0000, 0.0000,  1.0000, 0.0000)
            (  0.0000, 1.0000,  0.0000, 0.0000)
            ( -1.0000, 0.0000, -0.0000, 0.0000)
            (-35.0000, 8.7000, 24.0000, 1.0000)>
MESH
Wall_Empty.049
<Matrix 4x4 ( -0.0000, 0.0000,  1.0000, 0.0000)
            (  0.0000, 1.0000,  0.0000, 0.0000)
            ( -1.0000, 0.0000, -0.0000, 0.0000)
            (-35.0000, 8.7000, 28.0000, 1.0000)>
MESH
Wall_Empty.050
<Matrix 4x4 ( -0.0000, 0.0000,  1.0000, 0.0000)
            (  0.0000, 1.0000,  0.0000, 0.0000)
            ( -1.0000, 0.0000, -0.0000, 0.0000)
            (-35.0000, 8.7000, 32.0000, 1.0000)>
MESH
Column_3.004
<Matrix 4x4 (  2.0000, 0.0000,  0.0000, 0.0000)
            (  0.0000, 1.0000, -0.0000, 0.0000)
            (  0.0000, 0.0000,  2.0000, 0.0000)
            (-34.5000, 8.6500, 34.5000, 1.0000)>
MESH
Column_3.005
<Matrix 4x4 (  2.0000, 0.0000,   0.0000, 0.0000)
            (  0.0000, 1.0000,  -0.0000, 0.0000)
            (  0.0000, 0.0000,   2.0000, 0.0000)
            (-34.5000, 8.6500, -34.5000, 1.0000)>
MESH
Wall_Empty.051
<Matrix 4x4 ( -1.0000, 0.0000,  -0.0000, 0.0000)
            ( -0.0000, 1.0000,   0.0000, 0.0000)
            (  0.0000, 0.0000,  -1.0000, 0.0000)
            (-32.0000, 0.0000, -35.0000, 1.0000)>
MESH
Wall_Empty.052
<Matrix 4x4 ( -1.0000, 0.0000,  -0.0000, 0.0000)
            ( -0.0000, 1.0000,   0.0000, 0.0000)
            (  0.0000, 0.0000,  -1.0000, 0.0000)
            (-32.0000, 4.3500, -35.0000, 1.0000)>
MESH
Wall_Empty.053
<Matrix 4x4 ( -1.0000, 0.0000,  -0.0000, 0.0000)
            ( -0.0000, 1.0000,   0.0000, 0.0000)
            (  0.0000, 0.0000,  -1.0000, 0.0000)
            (-32.0000, 8.7000, -35.0000, 1.0000)>
MESH
Wall_Empty.054
<Matrix 4x4 ( -1.0000, 0.0000,  -0.0000, 0.0000)
            ( -0.0000, 1.0000,   0.0000, 0.0000)
            (  0.0000, 0.0000,  -1.0000, 0.0000)
            (-28.0000, 8.7000, -35.0000, 1.0000)>
MESH
Wall_Empty.055
<Matrix 4x4 ( -1.0000, 0.0000,  -0.0000, 0.0000)
            ( -0.0000, 1.0000,   0.0000, 0.0000)
            (  0.0000, 0.0000,  -1.0000, 0.0000)
            (-28.0000, 4.3500, -35.0000, 1.0000)>
MESH
Wall_Empty.056
<Matrix 4x4 ( -1.0000, 0.0000,  -0.0000, 0.0000)
            ( -0.0000, 1.0000,   0.0000, 0.0000)
            (  0.0000, 0.0000,  -1.0000, 0.0000)
            (-28.0000, 0.0000, -35.0000, 1.0000)>
MESH
Wall_Empty.057
<Matrix 4x4 ( -1.0000, 0.0000,  -0.0000, 0.0000)
            ( -0.0000, 1.0000,   0.0000, 0.0000)
            (  0.0000, 0.0000,  -1.0000, 0.0000)
            (-24.0000, 0.0000, -35.0000, 1.0000)>
MESH
Wall_Empty.058
<Matrix 4x4 ( -1.0000, 0.0000,  -0.0000, 0.0000)
            ( -0.0000, 1.0000,   0.0000, 0.0000)
            (  0.0000, 0.0000,  -1.0000, 0.0000)
            (-24.0000, 4.3500, -35.0000, 1.0000)>
MESH
Wall_Empty.059
<Matrix 4x4 ( -1.0000, 0.0000,  -0.0000, 0.0000)
            ( -0.0000, 1.0000,   0.0000, 0.0000)
            (  0.0000, 0.0000,  -1.0000, 0.0000)
            (-24.0000, 8.7000, -35.0000, 1.0000)>
MESH
Wall_Empty.060
<Matrix 4x4 ( -1.0000, 0.0000,  -0.0000, 0.0000)
            ( -0.0000, 1.0000,   0.0000, 0.0000)
            (  0.0000, 0.0000,  -1.0000, 0.0000)
            (-20.0000, 0.0000, -35.0000, 1.0000)>
MESH
Wall_Empty.061
<Matrix 4x4 ( -1.0000, 0.0000,  -0.0000, 0.0000)
            ( -0.0000, 1.0000,   0.0000, 0.0000)
            (  0.0000, 0.0000,  -1.0000, 0.0000)
            (-20.0000, 4.3500, -35.0000, 1.0000)>
MESH
Wall_Empty.062
<Matrix 4x4 ( -1.0000, 0.0000,  -0.0000, 0.0000)
            ( -0.0000, 1.0000,   0.0000, 0.0000)
            (  0.0000, 0.0000,  -1.0000, 0.0000)
            (-20.0000, 8.7000, -35.0000, 1.0000)>
MESH
Wall_Empty.063
<Matrix 4x4 ( -1.0000, 0.0000,  -0.0000, 0.0000)
            ( -0.0000, 1.0000,   0.0000, 0.0000)
            (  0.0000, 0.0000,  -1.0000, 0.0000)
            (-15.9999, 8.7000, -35.0000, 1.0000)>
MESH
Wall_Empty.064
<Matrix 4x4 ( -1.0000, 0.0000,  -0.0000, 0.0000)
            ( -0.0000, 1.0000,   0.0000, 0.0000)
            (  0.0000, 0.0000,  -1.0000, 0.0000)
            (-16.0000, 4.3500, -35.0000, 1.0000)>
MESH
Wall_Empty.065
<Matrix 4x4 ( -1.0000, 0.0000,  -0.0000, 0.0000)
            ( -0.0000, 1.0000,   0.0000, 0.0000)
            (  0.0000, 0.0000,  -1.0000, 0.0000)
            (-16.0000, 0.0000, -35.0000, 1.0000)>
MESH
Wall_Empty.066
<Matrix 4x4 ( -1.0000, 0.0000,  -0.0000, 0.0000)
            ( -0.0000, 1.0000,   0.0000, 0.0000)
            (  0.0000, 0.0000,  -1.0000, 0.0000)
            (-12.0000, 0.0000, -35.0000, 1.0000)>
MESH
Wall_Empty.067
<Matrix 4x4 ( -1.0000, 0.0000,  -0.0000, 0.0000)
            ( -0.0000, 1.0000,   0.0000, 0.0000)
            (  0.0000, 0.0000,  -1.0000, 0.0000)
            (-12.0000, 4.3500, -35.0000, 1.0000)>
MESH
Wall_Empty.068
<Matrix 4x4 ( -1.0000, 0.0000,  -0.0000, 0.0000)
            ( -0.0000, 1.0000,   0.0000, 0.0000)
            (  0.0000, 0.0000,  -1.0000, 0.0000)
            (-12.0000, 8.7000, -35.0000, 1.0000)>
MESH
Wall_Empty.069
<Matrix 4x4 (-1.0000, 0.0000,  -0.0000, 0.0000)
            (-0.0000, 1.0000,   0.0000, 0.0000)
            ( 0.0000, 0.0000,  -1.0000, 0.0000)
            (-8.0000, 8.7000, -35.0000, 1.0000)>
MESH
Wall_Empty.070
<Matrix 4x4 (-1.0000, 0.0000,  -0.0000, 0.0000)
            (-0.0000, 1.0000,   0.0000, 0.0000)
            ( 0.0000, 0.0000,  -1.0000, 0.0000)
            (-4.0000, 8.7000, -35.0000, 1.0000)>
MESH
Wall_Empty.071
<Matrix 4x4 (-1.0000, 0.0000,  -0.0000, 0.0000)
            (-0.0000, 1.0000,   0.0000, 0.0000)
            ( 0.0000, 0.0000,  -1.0000, 0.0000)
            ( 0.0000, 8.7000, -35.0000, 1.0000)>
MESH
Wall_Empty.072
<Matrix 4x4 (-1.0000, 0.0000,  -0.0000, 0.0000)
            (-0.0000, 1.0000,   0.0000, 0.0000)
            ( 0.0000, 0.0000,  -1.0000, 0.0000)
            ( 4.0000, 8.7000, -35.0000, 1.0000)>
MESH
Wall_Empty.073
<Matrix 4x4 (-1.0000, 0.0000,  -0.0000, 0.0000)
            (-0.0000, 1.0000,   0.0000, 0.0000)
            ( 0.0000, 0.0000,  -1.0000, 0.0000)
            ( 8.0000, 8.7000, -35.0000, 1.0000)>
MESH
Wall_Empty.074
<Matrix 4x4 (-1.0000, 0.0000,  -0.0000, 0.0000)
            (-0.0000, 1.0000,   0.0000, 0.0000)
            ( 0.0000, 0.0000,  -1.0000, 0.0000)
            (12.0000, 8.7000, -35.0000, 1.0000)>
MESH
Wall_Empty.075
<Matrix 4x4 (-1.0000, 0.0000,  -0.0000, 0.0000)
            (-0.0000, 1.0000,   0.0000, 0.0000)
            ( 0.0000, 0.0000,  -1.0000, 0.0000)
            (16.0000, 8.7000, -35.0000, 1.0000)>
MESH
Wall_Empty.076
<Matrix 4x4 (-1.0000, 0.0000,  -0.0000, 0.0000)
            (-0.0000, 1.0000,   0.0000, 0.0000)
            ( 0.0000, 0.0000,  -1.0000, 0.0000)
            (20.0000, 8.7000, -35.0000, 1.0000)>
MESH
Wall_Empty.077
<Matrix 4x4 (-1.0000, 0.0000,  -0.0000, 0.0000)
            (-0.0000, 1.0000,   0.0000, 0.0000)
            ( 0.0000, 0.0000,  -1.0000, 0.0000)
            (24.0000, 8.7000, -35.0000, 1.0000)>
MESH
Wall_Empty.078
<Matrix 4x4 (-1.0000, 0.0000,  -0.0000, 0.0000)
            (-0.0000, 1.0000,   0.0000, 0.0000)
            ( 0.0000, 0.0000,  -1.0000, 0.0000)
            (28.0000, 8.7000, -35.0000, 1.0000)>
MESH
Wall_Empty.079
<Matrix 4x4 (-1.0000, 0.0000,  -0.0000, 0.0000)
            (-0.0000, 1.0000,   0.0000, 0.0000)
            ( 0.0000, 0.0000,  -1.0000, 0.0000)
            (32.0000, 8.7000, -35.0000, 1.0000)>
MESH
Wall_Empty.080
<Matrix 4x4 (-1.0000, 0.0000,  -0.0000, 0.0000)
            (-0.0000, 1.0000,   0.0000, 0.0000)
            ( 0.0000, 0.0000,  -1.0000, 0.0000)
            (32.0000, 4.3500, -35.0000, 1.0000)>
MESH
Wall_Empty.081
<Matrix 4x4 (-1.0000, 0.0000,  -0.0000, 0.0000)
            (-0.0000, 1.0000,   0.0000, 0.0000)
            ( 0.0000, 0.0000,  -1.0000, 0.0000)
            (28.0000, 4.3500, -35.0000, 1.0000)>
MESH
Wall_Empty.082
<Matrix 4x4 (-1.0000, 0.0000,  -0.0000, 0.0000)
            (-0.0000, 1.0000,   0.0000, 0.0000)
            ( 0.0000, 0.0000,  -1.0000, 0.0000)
            (24.0000, 4.3500, -35.0000, 1.0000)>
MESH
Wall_Empty.083
<Matrix 4x4 (-1.0000, 0.0000,  -0.0000, 0.0000)
            (-0.0000, 1.0000,   0.0000, 0.0000)
            ( 0.0000, 0.0000,  -1.0000, 0.0000)
            (20.0000, 4.3500, -35.0000, 1.0000)>
MESH
Wall_Empty.084
<Matrix 4x4 (-1.0000, 0.0000,  -0.0000, 0.0000)
            (-0.0000, 1.0000,   0.0000, 0.0000)
            ( 0.0000, 0.0000,  -1.0000, 0.0000)
            (16.0000, 4.3500, -35.0000, 1.0000)>
MESH
Wall_Empty.085
<Matrix 4x4 (-1.0000, 0.0000,  -0.0000, 0.0000)
            (-0.0000, 1.0000,   0.0000, 0.0000)
            ( 0.0000, 0.0000,  -1.0000, 0.0000)
            (12.0000, 4.3500, -35.0000, 1.0000)>
MESH
Wall_Empty.086
<Matrix 4x4 (-1.0000, 0.0000,  -0.0000, 0.0000)
            (-0.0000, 1.0000,   0.0000, 0.0000)
            ( 0.0000, 0.0000,  -1.0000, 0.0000)
            ( 8.0000, 4.3500, -35.0000, 1.0000)>
MESH
Wall_Empty.087
<Matrix 4x4 (-1.0000, 0.0000,  -0.0000, 0.0000)
            (-0.0000, 1.0000,   0.0000, 0.0000)
            ( 0.0000, 0.0000,  -1.0000, 0.0000)
            ( 4.0000, 4.3500, -35.0000, 1.0000)>
MESH
Wall_Empty.088
<Matrix 4x4 (-1.0000, 0.0000,  -0.0000, 0.0000)
            (-0.0000, 1.0000,   0.0000, 0.0000)
            ( 0.0000, 0.0000,  -1.0000, 0.0000)
            ( 0.0000, 4.3500, -35.0000, 1.0000)>
MESH
Wall_Empty.089
<Matrix 4x4 (-1.0000, 0.0000,  -0.0000, 0.0000)
            (-0.0000, 1.0000,   0.0000, 0.0000)
            ( 0.0000, 0.0000,  -1.0000, 0.0000)
            (-4.0000, 4.3500, -35.0000, 1.0000)>
MESH
Wall_Empty.090
<Matrix 4x4 (-1.0000, 0.0000,  -0.0000, 0.0000)
            (-0.0000, 1.0000,   0.0000, 0.0000)
            ( 0.0000, 0.0000,  -1.0000, 0.0000)
            (-8.0000, 4.3500, -35.0000, 1.0000)>
MESH
Wall_Empty.091
<Matrix 4x4 (-1.0000, 0.0000,  -0.0000, 0.0000)
            (-0.0000, 1.0000,   0.0000, 0.0000)
            ( 0.0000, 0.0000,  -1.0000, 0.0000)
            (-8.0000, 0.0000, -35.0000, 1.0000)>
MESH
Wall_Empty.092
<Matrix 4x4 (-1.0000, 0.0000,  -0.0000, 0.0000)
            (-0.0000, 1.0000,   0.0000, 0.0000)
            ( 0.0000, 0.0000,  -1.0000, 0.0000)
            (-4.0000, 0.0000, -35.0000, 1.0000)>
MESH
Wall_Empty.093
<Matrix 4x4 (-1.0000, 0.0000,  -0.0000, 0.0000)
            (-0.0000, 1.0000,   0.0000, 0.0000)
            ( 0.0000, 0.0000,  -1.0000, 0.0000)
            ( 0.0000, 0.0000, -35.0000, 1.0000)>
MESH
Wall_Empty.094
<Matrix 4x4 (-1.0000, 0.0000,  -0.0000, 0.0000)
            (-0.0000, 1.0000,   0.0000, 0.0000)
            ( 0.0000, 0.0000,  -1.0000, 0.0000)
            ( 4.0000, 0.0000, -35.0000, 1.0000)>
MESH
Wall_Empty.095
<Matrix 4x4 (-1.0000, 0.0000,  -0.0000, 0.0000)
            (-0.0000, 1.0000,   0.0000, 0.0000)
            ( 0.0000, 0.0000,  -1.0000, 0.0000)
            ( 8.0000, 0.0000, -35.0000, 1.0000)>
MESH
Wall_Empty.096
<Matrix 4x4 (-1.0000, 0.0000,  -0.0000, 0.0000)
            (-0.0000, 1.0000,   0.0000, 0.0000)
            ( 0.0000, 0.0000,  -1.0000, 0.0000)
            (12.0000, 0.0000, -35.0000, 1.0000)>
MESH
Wall_Empty.097
<Matrix 4x4 (-1.0000, 0.0000,  -0.0000, 0.0000)
            (-0.0000, 1.0000,   0.0000, 0.0000)
            ( 0.0000, 0.0000,  -1.0000, 0.0000)
            (16.0000, 0.0000, -35.0000, 1.0000)>
MESH
Wall_Empty.098
<Matrix 4x4 (-1.0000, 0.0000,  -0.0000, 0.0000)
            (-0.0000, 1.0000,   0.0000, 0.0000)
            ( 0.0000, 0.0000,  -1.0000, 0.0000)
            (20.0000, 0.0000, -35.0000, 1.0000)>
MESH
Wall_Empty.099
<Matrix 4x4 (-1.0000, 0.0000,  -0.0000, 0.0000)
            (-0.0000, 1.0000,   0.0000, 0.0000)
            ( 0.0000, 0.0000,  -1.0000, 0.0000)
            (24.0000, 0.0000, -35.0000, 1.0000)>
MESH
Wall_Empty.100
<Matrix 4x4 (-1.0000, 0.0000,  -0.0000, 0.0000)
            (-0.0000, 1.0000,   0.0000, 0.0000)
            ( 0.0000, 0.0000,  -1.0000, 0.0000)
            (28.0000, 0.0000, -35.0000, 1.0000)>
MESH
Wall_Empty.101
<Matrix 4x4 (-1.0000, 0.0000,  -0.0000, 0.0000)
            (-0.0000, 1.0000,   0.0000, 0.0000)
            ( 0.0000, 0.0000,  -1.0000, 0.0000)
            (32.0000, 0.0000, -35.0000, 1.0000)>
MESH
Column_3.006
<Matrix 4x4 (  2.0000, 0.0000,   0.0000, 0.0000)
            (  0.0000, 1.0000,  -0.0000, 0.0000)
            (  0.0000, 0.0000,   2.0000, 0.0000)
            (-34.5000, 0.1549, -34.5000, 1.0000)>
MESH
Column_3.007
<Matrix 4x4 ( 2.0000, 0.0000,   0.0000, 0.0000)
            ( 0.0000, 1.0000,  -0.0000, 0.0000)
            ( 0.0000, 0.0000,   2.0000, 0.0000)
            (34.5000, 4.3000, -34.5000, 1.0000)>
MESH
Column_3.008
<Matrix 4x4 ( 2.0000, 0.0000,   0.0000, 0.0000)
            ( 0.0000, 1.0000,  -0.0000, 0.0000)
            ( 0.0000, 0.0000,   2.0000, 0.0000)
            (34.5000, 8.6500, -34.5000, 1.0000)>
MESH
Column_3.009
<Matrix 4x4 ( 2.0000, 0.0000,  0.0000, 0.0000)
            ( 0.0000, 1.0000, -0.0000, 0.0000)
            ( 0.0000, 0.0000,  2.0000, 0.0000)
            (34.5000, 0.0000, 34.5000, 1.0000)>
MESH
Column_3.010
<Matrix 4x4 ( 2.0000, 0.0000,  0.0000, 0.0000)
            ( 0.0000, 1.0000, -0.0000, 0.0000)
            ( 0.0000, 0.0000,  2.0000, 0.0000)
            (34.5000, 4.3000, 34.5000, 1.0000)>
MESH
Column_3.011
<Matrix 4x4 ( 2.0000, 0.0000,  0.0000, 0.0000)
            ( 0.0000, 1.0000, -0.0000, 0.0000)
            ( 0.0000, 0.0000,  2.0000, 0.0000)
            (34.5000, 8.6500, 34.5000, 1.0000)>
MESH
Wall_Empty.102
<Matrix 4x4 ( 1.0000, 0.0000,  0.0000, 0.0000)
            ( 0.0000, 1.0000, -0.0000, 0.0000)
            ( 0.0000, 0.0000,  1.0000, 0.0000)
            (32.0000, 0.0000, 35.0000, 1.0000)>
MESH
Wall_Empty.103
<Matrix 4x4 ( 1.0000, 0.0000,  0.0000, 0.0000)
            ( 0.0000, 1.0000, -0.0000, 0.0000)
            ( 0.0000, 0.0000,  1.0000, 0.0000)
            (28.0000, 0.0000, 35.0000, 1.0000)>
MESH
Wall_Empty.104
<Matrix 4x4 ( 1.0000, 0.0000,  0.0000, 0.0000)
            ( 0.0000, 1.0000, -0.0000, 0.0000)
            ( 0.0000, 0.0000,  1.0000, 0.0000)
            (24.0000, 0.0000, 35.0000, 1.0000)>
MESH
Wall_Empty.105
<Matrix 4x4 ( 1.0000, 0.0000,  0.0000, 0.0000)
            ( 0.0000, 1.0000, -0.0000, 0.0000)
            ( 0.0000, 0.0000,  1.0000, 0.0000)
            (20.0000, 0.0000, 35.0000, 1.0000)>
MESH
Wall_Empty.106
<Matrix 4x4 ( 1.0000, 0.0000,  0.0000, 0.0000)
            ( 0.0000, 1.0000, -0.0000, 0.0000)
            ( 0.0000, 0.0000,  1.0000, 0.0000)
            (16.0000, 0.0000, 35.0000, 1.0000)>
MESH
Wall_Empty.107
<Matrix 4x4 ( 1.0000, 0.0000,  0.0000, 0.0000)
            ( 0.0000, 1.0000, -0.0000, 0.0000)
            ( 0.0000, 0.0000,  1.0000, 0.0000)
            (12.0000, 0.0000, 35.0000, 1.0000)>
MESH
Wall_Empty.108
<Matrix 4x4 (1.0000, 0.0000,  0.0000, 0.0000)
            (0.0000, 1.0000, -0.0000, 0.0000)
            (0.0000, 0.0000,  1.0000, 0.0000)
            (8.0000, 0.0000, 35.0000, 1.0000)>
MESH
Wall_Empty.109
<Matrix 4x4 (1.0000, 0.0000,  0.0000, 0.0000)
            (0.0000, 1.0000, -0.0000, 0.0000)
            (0.0000, 0.0000,  1.0000, 0.0000)
            (4.0000, 0.0000, 35.0000, 1.0000)>
MESH
Wall_Empty.110
<Matrix 4x4 (1.0000, 0.0000,  0.0000, 0.0000)
            (0.0000, 1.0000, -0.0000, 0.0000)
            (0.0000, 0.0000,  1.0000, 0.0000)
            (0.0000, 0.0000, 35.0000, 1.0000)>
MESH
Wall_Empty.111
<Matrix 4x4 ( 1.0000, 0.0000,  0.0000, 0.0000)
            ( 0.0000, 1.0000, -0.0000, 0.0000)
            ( 0.0000, 0.0000,  1.0000, 0.0000)
            (-4.0000, 0.0000, 35.0000, 1.0000)>
MESH
Wall_Empty.112
<Matrix 4x4 ( 1.0000, 0.0000,  0.0000, 0.0000)
            ( 0.0000, 1.0000, -0.0000, 0.0000)
            ( 0.0000, 0.0000,  1.0000, 0.0000)
            (-8.0000, 0.0000, 35.0000, 1.0000)>
MESH
Wall_Empty.113
<Matrix 4x4 (  1.0000, 0.0000,  0.0000, 0.0000)
            (  0.0000, 1.0000, -0.0000, 0.0000)
            (  0.0000, 0.0000,  1.0000, 0.0000)
            (-12.0000, 0.0000, 35.0000, 1.0000)>
MESH
Wall_Empty.114
<Matrix 4x4 (  1.0000, 0.0000,  0.0000, 0.0000)
            (  0.0000, 1.0000, -0.0000, 0.0000)
            (  0.0000, 0.0000,  1.0000, 0.0000)
            (-16.0000, 0.0000, 35.0000, 1.0000)>
MESH
Wall_Empty.115
<Matrix 4x4 (  1.0000, 0.0000,  0.0000, 0.0000)
            (  0.0000, 1.0000, -0.0000, 0.0000)
            (  0.0000, 0.0000,  1.0000, 0.0000)
            (-20.0000, 0.0000, 35.0000, 1.0000)>
MESH
Wall_Empty.116
<Matrix 4x4 (  1.0000, 0.0000,  0.0000, 0.0000)
            (  0.0000, 1.0000, -0.0000, 0.0000)
            (  0.0000, 0.0000,  1.0000, 0.0000)
            (-24.0000, 0.0000, 35.0000, 1.0000)>
MESH
Wall_Empty.117
<Matrix 4x4 (  1.0000, 0.0000,  0.0000, 0.0000)
            (  0.0000, 1.0000, -0.0000, 0.0000)
            (  0.0000, 0.0000,  1.0000, 0.0000)
            (-28.0000, 0.0000, 35.0000, 1.0000)>
MESH
Wall_Empty.118
<Matrix 4x4 (  1.0000, 0.0000,  0.0000, 0.0000)
            (  0.0000, 1.0000, -0.0000, 0.0000)
            (  0.0000, 0.0000,  1.0000, 0.0000)
            (-32.0000, 0.0000, 35.0000, 1.0000)>
MESH
Wall_Empty.119
<Matrix 4x4 (  1.0000, 0.0000,  0.0000, 0.0000)
            (  0.0000, 1.0000, -0.0000, 0.0000)
            (  0.0000, 0.0000,  1.0000, 0.0000)
            (-32.0000, 4.3500, 35.0000, 1.0000)>
MESH
Wall_Empty.120
<Matrix 4x4 (  1.0000, 0.0000,  0.0000, 0.0000)
            (  0.0000, 1.0000, -0.0000, 0.0000)
            (  0.0000, 0.0000,  1.0000, 0.0000)
            (-28.0000, 4.3500, 35.0000, 1.0000)>
MESH
Wall_Empty.121
<Matrix 4x4 (  1.0000, 0.0000,  0.0000, 0.0000)
            (  0.0000, 1.0000, -0.0000, 0.0000)
            (  0.0000, 0.0000,  1.0000, 0.0000)
            (-24.0000, 4.3500, 35.0000, 1.0000)>
MESH
Wall_Empty.122
<Matrix 4x4 (  1.0000, 0.0000,  0.0000, 0.0000)
            (  0.0000, 1.0000, -0.0000, 0.0000)
            (  0.0000, 0.0000,  1.0000, 0.0000)
            (-20.0000, 4.3500, 35.0000, 1.0000)>
MESH
Wall_Empty.123
<Matrix 4x4 (  1.0000, 0.0000,  0.0000, 0.0000)
            (  0.0000, 1.0000, -0.0000, 0.0000)
            (  0.0000, 0.0000,  1.0000, 0.0000)
            (-16.0000, 4.3500, 35.0000, 1.0000)>
MESH
Wall_Empty.124
<Matrix 4x4 (  1.0000, 0.0000,  0.0000, 0.0000)
            (  0.0000, 1.0000, -0.0000, 0.0000)
            (  0.0000, 0.0000,  1.0000, 0.0000)
            (-12.0000, 4.3500, 35.0000, 1.0000)>
MESH
Wall_Empty.125
<Matrix 4x4 ( 1.0000, 0.0000,  0.0000, 0.0000)
            ( 0.0000, 1.0000, -0.0000, 0.0000)
            ( 0.0000, 0.0000,  1.0000, 0.0000)
            (-8.0000, 4.3500, 35.0000, 1.0000)>
MESH
Wall_Empty.126
<Matrix 4x4 ( 1.0000, 0.0000,  0.0000, 0.0000)
            ( 0.0000, 1.0000, -0.0000, 0.0000)
            ( 0.0000, 0.0000,  1.0000, 0.0000)
            (-4.0000, 4.3500, 35.0000, 1.0000)>
MESH
Wall_Empty.127
<Matrix 4x4 (1.0000, 0.0000,  0.0000, 0.0000)
            (0.0000, 1.0000, -0.0000, 0.0000)
            (0.0000, 0.0000,  1.0000, 0.0000)
            (0.0000, 4.3500, 35.0000, 1.0000)>
MESH
Wall_Empty.128
<Matrix 4x4 (1.0000, 0.0000,  0.0000, 0.0000)
            (0.0000, 1.0000, -0.0000, 0.0000)
            (0.0000, 0.0000,  1.0000, 0.0000)
            (4.0000, 4.3500, 35.0000, 1.0000)>
MESH
Wall_Empty.129
<Matrix 4x4 (1.0000, 0.0000,  0.0000, 0.0000)
            (0.0000, 1.0000, -0.0000, 0.0000)
            (0.0000, 0.0000,  1.0000, 0.0000)
            (8.0000, 4.3500, 35.0000, 1.0000)>
MESH
Wall_Empty.130
<Matrix 4x4 ( 1.0000, 0.0000,  0.0000, 0.0000)
            ( 0.0000, 1.0000, -0.0000, 0.0000)
            ( 0.0000, 0.0000,  1.0000, 0.0000)
            (12.0000, 4.3500, 35.0000, 1.0000)>
MESH
Wall_Empty.131
<Matrix 4x4 ( 1.0000, 0.0000,  0.0000, 0.0000)
            ( 0.0000, 1.0000, -0.0000, 0.0000)
            ( 0.0000, 0.0000,  1.0000, 0.0000)
            (16.0000, 4.3500, 35.0000, 1.0000)>
MESH
Wall_Empty.132
<Matrix 4x4 ( 1.0000, 0.0000,  0.0000, 0.0000)
            ( 0.0000, 1.0000, -0.0000, 0.0000)
            ( 0.0000, 0.0000,  1.0000, 0.0000)
            (20.0000, 4.3500, 35.0000, 1.0000)>
MESH
Wall_Empty.133
<Matrix 4x4 ( 1.0000, 0.0000,  0.0000, 0.0000)
            ( 0.0000, 1.0000, -0.0000, 0.0000)
            ( 0.0000, 0.0000,  1.0000, 0.0000)
            (24.0000, 4.3500, 35.0000, 1.0000)>
MESH
Wall_Empty.134
<Matrix 4x4 ( 1.0000, 0.0000,  0.0000, 0.0000)
            ( 0.0000, 1.0000, -0.0000, 0.0000)
            ( 0.0000, 0.0000,  1.0000, 0.0000)
            (28.0000, 4.3500, 35.0000, 1.0000)>
MESH
Wall_Empty.135
<Matrix 4x4 ( 1.0000, 0.0000,  0.0000, 0.0000)
            ( 0.0000, 1.0000, -0.0000, 0.0000)
            ( 0.0000, 0.0000,  1.0000, 0.0000)
            (32.0000, 4.3500, 35.0000, 1.0000)>
MESH
Wall_Empty.136
<Matrix 4x4 ( 1.0000, 0.0000,  0.0000, 0.0000)
            ( 0.0000, 1.0000, -0.0000, 0.0000)
            ( 0.0000, 0.0000,  1.0000, 0.0000)
            (32.0000, 8.7000, 35.0000, 1.0000)>
MESH
Wall_Empty.137
<Matrix 4x4 ( 1.0000, 0.0000,  0.0000, 0.0000)
            ( 0.0000, 1.0000, -0.0000, 0.0000)
            ( 0.0000, 0.0000,  1.0000, 0.0000)
            (28.0000, 8.7000, 35.0000, 1.0000)>
MESH
Wall_Empty.138
<Matrix 4x4 ( 1.0000, 0.0000,  0.0000, 0.0000)
            ( 0.0000, 1.0000, -0.0000, 0.0000)
            ( 0.0000, 0.0000,  1.0000, 0.0000)
            (24.0000, 8.7000, 35.0000, 1.0000)>
MESH
Wall_Empty.139
<Matrix 4x4 ( 1.0000, 0.0000,  0.0000, 0.0000)
            ( 0.0000, 1.0000, -0.0000, 0.0000)
            ( 0.0000, 0.0000,  1.0000, 0.0000)
            (20.0000, 8.7000, 35.0000, 1.0000)>
MESH
Wall_Empty.140
<Matrix 4x4 ( 1.0000, 0.0000,  0.0000, 0.0000)
            ( 0.0000, 1.0000, -0.0000, 0.0000)
            ( 0.0000, 0.0000,  1.0000, 0.0000)
            (16.0000, 8.7000, 35.0000, 1.0000)>
MESH
Wall_Empty.141
<Matrix 4x4 ( 1.0000, 0.0000,  0.0000, 0.0000)
            ( 0.0000, 1.0000, -0.0000, 0.0000)
            ( 0.0000, 0.0000,  1.0000, 0.0000)
            (12.0000, 8.7000, 35.0000, 1.0000)>
MESH
Wall_Empty.142
<Matrix 4x4 (1.0000, 0.0000,  0.0000, 0.0000)
            (0.0000, 1.0000, -0.0000, 0.0000)
            (0.0000, 0.0000,  1.0000, 0.0000)
            (8.0000, 8.7000, 35.0000, 1.0000)>
MESH
Wall_Empty.143
<Matrix 4x4 (1.0000, 0.0000,  0.0000, 0.0000)
            (0.0000, 1.0000, -0.0000, 0.0000)
            (0.0000, 0.0000,  1.0000, 0.0000)
            (4.0000, 8.7000, 35.0000, 1.0000)>
MESH
Wall_Empty.144
<Matrix 4x4 (1.0000, 0.0000,  0.0000, 0.0000)
            (0.0000, 1.0000, -0.0000, 0.0000)
            (0.0000, 0.0000,  1.0000, 0.0000)
            (0.0000, 8.7000, 35.0000, 1.0000)>
MESH
Wall_Empty.145
<Matrix 4x4 ( 1.0000, 0.0000,  0.0000, 0.0000)
            ( 0.0000, 1.0000, -0.0000, 0.0000)
            ( 0.0000, 0.0000,  1.0000, 0.0000)
            (-4.0000, 8.7000, 35.0000, 1.0000)>
MESH
Wall_Empty.146
<Matrix 4x4 ( 1.0000, 0.0000,  0.0000, 0.0000)
            ( 0.0000, 1.0000, -0.0000, 0.0000)
            ( 0.0000, 0.0000,  1.0000, 0.0000)
            (-8.0000, 8.7000, 35.0000, 1.0000)>
MESH
Wall_Empty.147
<Matrix 4x4 (  1.0000, 0.0000,  0.0000, 0.0000)
            (  0.0000, 1.0000, -0.0000, 0.0000)
            (  0.0000, 0.0000,  1.0000, 0.0000)
            (-12.0000, 8.7000, 35.0000, 1.0000)>
MESH
Wall_Empty.148
<Matrix 4x4 (  1.0000, 0.0000,  0.0000, 0.0000)
            (  0.0000, 1.0000, -0.0000, 0.0000)
            (  0.0000, 0.0000,  1.0000, 0.0000)
            (-16.0000, 8.7000, 35.0000, 1.0000)>
MESH
Wall_Empty.149
<Matrix 4x4 (  1.0000, 0.0000,  0.0000, 0.0000)
            (  0.0000, 1.0000, -0.0000, 0.0000)
            (  0.0000, 0.0000,  1.0000, 0.0000)
            (-20.0000, 8.7000, 35.0000, 1.0000)>
MESH
Wall_Empty.150
<Matrix 4x4 (  1.0000, 0.0000,  0.0000, 0.0000)
            (  0.0000, 1.0000, -0.0000, 0.0000)
            (  0.0000, 0.0000,  1.0000, 0.0000)
            (-24.0000, 8.7000, 35.0000, 1.0000)>
MESH
Wall_Empty.151
<Matrix 4x4 (  1.0000, 0.0000,  0.0000, 0.0000)
            (  0.0000, 1.0000, -0.0000, 0.0000)
            (  0.0000, 0.0000,  1.0000, 0.0000)
            (-28.0000, 8.7000, 35.0000, 1.0000)>
MESH
Wall_Empty.152
<Matrix 4x4 (  1.0000, 0.0000,  0.0000, 0.0000)
            (  0.0000, 1.0000, -0.0000, 0.0000)
            (  0.0000, 0.0000,  1.0000, 0.0000)
            (-32.0000, 8.7000, 35.0000, 1.0000)>
MESH
Wall_Empty.153
<Matrix 4x4 ( 0.0000, 0.0000, -1.0000, 0.0000)
            (-0.0000, 1.0000, -0.0000, 0.0000)
            ( 1.0000, 0.0000,  0.0000, 0.0000)
            (35.0000, 0.0000, 32.0000, 1.0000)>
MESH
Wall_Empty.154
<Matrix 4x4 ( 0.0000, 0.0000, -1.0000, 0.0000)
            (-0.0000, 1.0000, -0.0000, 0.0000)
            ( 1.0000, 0.0000,  0.0000, 0.0000)
            (35.0000, 0.0000, 28.0000, 1.0000)>
MESH
Wall_Empty.155
<Matrix 4x4 ( 0.0000, 0.0000, -1.0000, 0.0000)
            (-0.0000, 1.0000, -0.0000, 0.0000)
            ( 1.0000, 0.0000,  0.0000, 0.0000)
            (35.0000, 0.0000, 24.0000, 1.0000)>
MESH
Wall_Empty.156
<Matrix 4x4 ( 0.0000, 0.0000, -1.0000, 0.0000)
            (-0.0000, 1.0000, -0.0000, 0.0000)
            ( 1.0000, 0.0000,  0.0000, 0.0000)
            (35.0000, 0.0000, 20.0000, 1.0000)>
MESH
Wall_Empty.157
<Matrix 4x4 ( 0.0000, 0.0000, -1.0000, 0.0000)
            (-0.0000, 1.0000, -0.0000, 0.0000)
            ( 1.0000, 0.0000,  0.0000, 0.0000)
            (35.0000, 0.0000, 16.0000, 1.0000)>
MESH
Wall_Empty.158
<Matrix 4x4 ( 0.0000, 0.0000, -1.0000, 0.0000)
            (-0.0000, 1.0000, -0.0000, 0.0000)
            ( 1.0000, 0.0000,  0.0000, 0.0000)
            (35.0000, 0.0000, 12.0000, 1.0000)>
MESH
Wall_Empty.159
<Matrix 4x4 ( 0.0000, 0.0000, -1.0000, 0.0000)
            (-0.0000, 1.0000, -0.0000, 0.0000)
            ( 1.0000, 0.0000,  0.0000, 0.0000)
            (35.0000, 0.0000,  8.0000, 1.0000)>
MESH
Wall_Empty.160
<Matrix 4x4 ( 0.0000, 0.0000, -1.0000, 0.0000)
            (-0.0000, 1.0000, -0.0000, 0.0000)
            ( 1.0000, 0.0000,  0.0000, 0.0000)
            (35.0000, 0.0000,  4.0000, 1.0000)>
MESH
Wall_Empty.161
<Matrix 4x4 ( 0.0000, 0.0000, -1.0000, 0.0000)
            (-0.0000, 1.0000, -0.0000, 0.0000)
            ( 1.0000, 0.0000,  0.0000, 0.0000)
            (35.0000, 0.0000,  0.0000, 1.0000)>
MESH
Wall_Empty.162
<Matrix 4x4 ( 0.0000, 0.0000, -1.0000, 0.0000)
            (-0.0000, 1.0000, -0.0000, 0.0000)
            ( 1.0000, 0.0000,  0.0000, 0.0000)
            (35.0000, 0.0000, -4.0000, 1.0000)>
MESH
Wall_Empty.163
<Matrix 4x4 ( 0.0000, 0.0000, -1.0000, 0.0000)
            (-0.0000, 1.0000, -0.0000, 0.0000)
            ( 1.0000, 0.0000,  0.0000, 0.0000)
            (35.0000, 0.0000, -8.0000, 1.0000)>
MESH
Wall_Empty.164
<Matrix 4x4 ( 0.0000, 0.0000,  -1.0000, 0.0000)
            (-0.0000, 1.0000,  -0.0000, 0.0000)
            ( 1.0000, 0.0000,   0.0000, 0.0000)
            (35.0000, 0.0000, -12.0000, 1.0000)>
MESH
Wall_Empty.165
<Matrix 4x4 ( 0.0000, 0.0000,  -1.0000, 0.0000)
            (-0.0000, 1.0000,  -0.0000, 0.0000)
            ( 1.0000, 0.0000,   0.0000, 0.0000)
            (35.0000, 0.0000, -16.0000, 1.0000)>
MESH
Wall_Empty.166
<Matrix 4x4 ( 0.0000, 0.0000,  -1.0000, 0.0000)
            (-0.0000, 1.0000,  -0.0000, 0.0000)
            ( 1.0000, 0.0000,   0.0000, 0.0000)
            (35.0000, 0.0000, -20.0000, 1.0000)>
MESH
Wall_Empty.167
<Matrix 4x4 ( 0.0000, 0.0000,  -1.0000, 0.0000)
            (-0.0000, 1.0000,  -0.0000, 0.0000)
            ( 1.0000, 0.0000,   0.0000, 0.0000)
            (35.0000, 0.0000, -24.0000, 1.0000)>
MESH
Wall_Empty.168
<Matrix 4x4 ( 0.0000, 0.0000,  -1.0000, 0.0000)
            (-0.0000, 1.0000,  -0.0000, 0.0000)
            ( 1.0000, 0.0000,   0.0000, 0.0000)
            (35.0000, 0.0000, -28.0000, 1.0000)>
MESH
Wall_Empty.169
<Matrix 4x4 ( 0.0000, 0.0000,  -1.0000, 0.0000)
            (-0.0000, 1.0000,  -0.0000, 0.0000)
            ( 1.0000, 0.0000,   0.0000, 0.0000)
            (35.0000, 0.0000, -32.0000, 1.0000)>
MESH
Wall_Empty.170
<Matrix 4x4 ( 0.0000, 0.0000,  -1.0000, 0.0000)
            (-0.0000, 1.0000,  -0.0000, 0.0000)
            ( 1.0000, 0.0000,   0.0000, 0.0000)
            (35.0000, 4.3500, -32.0000, 1.0000)>
MESH
Wall_Empty.171
<Matrix 4x4 ( 0.0000, 0.0000,  -1.0000, 0.0000)
            (-0.0000, 1.0000,  -0.0000, 0.0000)
            ( 1.0000, 0.0000,   0.0000, 0.0000)
            (35.0000, 4.3500, -28.0000, 1.0000)>
MESH
Wall_Empty.172
<Matrix 4x4 ( 0.0000, 0.0000,  -1.0000, 0.0000)
            (-0.0000, 1.0000,  -0.0000, 0.0000)
            ( 1.0000, 0.0000,   0.0000, 0.0000)
            (35.0000, 4.3500, -24.0000, 1.0000)>
MESH
Wall_Empty.173
<Matrix 4x4 ( 0.0000, 0.0000,  -1.0000, 0.0000)
            (-0.0000, 1.0000,  -0.0000, 0.0000)
            ( 1.0000, 0.0000,   0.0000, 0.0000)
            (35.0000, 4.3500, -20.0000, 1.0000)>
MESH
Wall_Empty.174
<Matrix 4x4 ( 0.0000, 0.0000,  -1.0000, 0.0000)
            (-0.0000, 1.0000,  -0.0000, 0.0000)
            ( 1.0000, 0.0000,   0.0000, 0.0000)
            (35.0000, 4.3500, -16.0000, 1.0000)>
MESH
Wall_Empty.175
<Matrix 4x4 ( 0.0000, 0.0000,  -1.0000, 0.0000)
            (-0.0000, 1.0000,  -0.0000, 0.0000)
            ( 1.0000, 0.0000,   0.0000, 0.0000)
            (35.0000, 4.3500, -12.0000, 1.0000)>
MESH
Wall_Empty.176
<Matrix 4x4 ( 0.0000, 0.0000, -1.0000, 0.0000)
            (-0.0000, 1.0000, -0.0000, 0.0000)
            ( 1.0000, 0.0000,  0.0000, 0.0000)
            (35.0000, 4.3500, -8.0000, 1.0000)>
MESH
Wall_Empty.177
<Matrix 4x4 ( 0.0000, 0.0000, -1.0000, 0.0000)
            (-0.0000, 1.0000, -0.0000, 0.0000)
            ( 1.0000, 0.0000,  0.0000, 0.0000)
            (35.0000, 4.3500, -4.0000, 1.0000)>
MESH
Wall_Empty.178
<Matrix 4x4 ( 0.0000, 0.0000, -1.0000, 0.0000)
            (-0.0000, 1.0000, -0.0000, 0.0000)
            ( 1.0000, 0.0000,  0.0000, 0.0000)
            (35.0000, 4.3500,  0.0000, 1.0000)>
MESH
Wall_Empty.179
<Matrix 4x4 ( 0.0000, 0.0000, -1.0000, 0.0000)
            (-0.0000, 1.0000, -0.0000, 0.0000)
            ( 1.0000, 0.0000,  0.0000, 0.0000)
            (35.0000, 4.3500,  4.0000, 1.0000)>
MESH
Wall_Empty.180
<Matrix 4x4 ( 0.0000, 0.0000, -1.0000, 0.0000)
            (-0.0000, 1.0000, -0.0000, 0.0000)
            ( 1.0000, 0.0000,  0.0000, 0.0000)
            (35.0000, 4.3500,  8.0000, 1.0000)>
MESH
Wall_Empty.181
<Matrix 4x4 ( 0.0000, 0.0000, -1.0000, 0.0000)
            (-0.0000, 1.0000, -0.0000, 0.0000)
            ( 1.0000, 0.0000,  0.0000, 0.0000)
            (35.0000, 4.3500, 12.0000, 1.0000)>
MESH
Wall_Empty.182
<Matrix 4x4 ( 0.0000, 0.0000, -1.0000, 0.0000)
            (-0.0000, 1.0000, -0.0000, 0.0000)
            ( 1.0000, 0.0000,  0.0000, 0.0000)
            (35.0000, 4.3500, 16.0000, 1.0000)>
MESH
Wall_Empty.183
<Matrix 4x4 ( 0.0000, 0.0000, -1.0000, 0.0000)
            (-0.0000, 1.0000, -0.0000, 0.0000)
            ( 1.0000, 0.0000,  0.0000, 0.0000)
            (35.0000, 4.3500, 20.0000, 1.0000)>
MESH
Wall_Empty.184
<Matrix 4x4 ( 0.0000, 0.0000, -1.0000, 0.0000)
            (-0.0000, 1.0000, -0.0000, 0.0000)
            ( 1.0000, 0.0000,  0.0000, 0.0000)
            (35.0000, 4.3500, 24.0000, 1.0000)>
MESH
Wall_Empty.185
<Matrix 4x4 ( 0.0000, 0.0000, -1.0000, 0.0000)
            (-0.0000, 1.0000, -0.0000, 0.0000)
            ( 1.0000, 0.0000,  0.0000, 0.0000)
            (35.0000, 4.3500, 28.0000, 1.0000)>
MESH
Wall_Empty.186
<Matrix 4x4 ( 0.0000, 0.0000, -1.0000, 0.0000)
            (-0.0000, 1.0000, -0.0000, 0.0000)
            ( 1.0000, 0.0000,  0.0000, 0.0000)
            (35.0000, 4.3500, 32.0000, 1.0000)>
MESH
Wall_Empty.187
<Matrix 4x4 ( 0.0000, 0.0000, -1.0000, 0.0000)
            (-0.0000, 1.0000, -0.0000, 0.0000)
            ( 1.0000, 0.0000,  0.0000, 0.0000)
            (35.0000, 8.7000, 32.0000, 1.0000)>
MESH
Wall_Empty.188
<Matrix 4x4 ( 0.0000, 0.0000, -1.0000, 0.0000)
            (-0.0000, 1.0000, -0.0000, 0.0000)
            ( 1.0000, 0.0000,  0.0000, 0.0000)
            (35.0000, 8.7000, 28.0000, 1.0000)>
MESH
Wall_Empty.189
<Matrix 4x4 ( 0.0000, 0.0000, -1.0000, 0.0000)
            (-0.0000, 1.0000, -0.0000, 0.0000)
            ( 1.0000, 0.0000,  0.0000, 0.0000)
            (35.0000, 8.7000, 24.0000, 1.0000)>
MESH
Wall_Empty.190
<Matrix 4x4 ( 0.0000, 0.0000, -1.0000, 0.0000)
            (-0.0000, 1.0000, -0.0000, 0.0000)
            ( 1.0000, 0.0000,  0.0000, 0.0000)
            (35.0000, 8.7000, 20.0000, 1.0000)>
MESH
Wall_Empty.191
<Matrix 4x4 ( 0.0000, 0.0000, -1.0000, 0.0000)
            (-0.0000, 1.0000, -0.0000, 0.0000)
            ( 1.0000, 0.0000,  0.0000, 0.0000)
            (35.0000, 8.7000, 16.0000, 1.0000)>
MESH
Wall_Empty.192
<Matrix 4x4 ( 0.0000, 0.0000, -1.0000, 0.0000)
            (-0.0000, 1.0000, -0.0000, 0.0000)
            ( 1.0000, 0.0000,  0.0000, 0.0000)
            (35.0000, 8.7000, 12.0000, 1.0000)>
MESH
Wall_Empty.193
<Matrix 4x4 ( 0.0000, 0.0000, -1.0000, 0.0000)
            (-0.0000, 1.0000, -0.0000, 0.0000)
            ( 1.0000, 0.0000,  0.0000, 0.0000)
            (35.0000, 8.7000,  8.0000, 1.0000)>
MESH
Wall_Empty.194
<Matrix 4x4 ( 0.0000, 0.0000, -1.0000, 0.0000)
            (-0.0000, 1.0000, -0.0000, 0.0000)
            ( 1.0000, 0.0000,  0.0000, 0.0000)
            (35.0000, 8.7000,  4.0000, 1.0000)>
MESH
Wall_Empty.195
<Matrix 4x4 ( 0.0000, 0.0000, -1.0000, 0.0000)
            (-0.0000, 1.0000, -0.0000, 0.0000)
            ( 1.0000, 0.0000,  0.0000, 0.0000)
            (35.0000, 8.7000,  0.0000, 1.0000)>
MESH
Wall_Empty.196
<Matrix 4x4 ( 0.0000, 0.0000, -1.0000, 0.0000)
            (-0.0000, 1.0000, -0.0000, 0.0000)
            ( 1.0000, 0.0000,  0.0000, 0.0000)
            (35.0000, 8.7000, -4.0000, 1.0000)>
MESH
Wall_Empty.197
<Matrix 4x4 ( 0.0000, 0.0000, -1.0000, 0.0000)
            (-0.0000, 1.0000, -0.0000, 0.0000)
            ( 1.0000, 0.0000,  0.0000, 0.0000)
            (35.0000, 8.7000, -8.0000, 1.0000)>
MESH
Wall_Empty.198
<Matrix 4x4 ( 0.0000, 0.0000,  -1.0000, 0.0000)
            (-0.0000, 1.0000,  -0.0000, 0.0000)
            ( 1.0000, 0.0000,   0.0000, 0.0000)
            (35.0000, 8.7000, -12.0000, 1.0000)>
MESH
Wall_Empty.199
<Matrix 4x4 ( 0.0000, 0.0000,  -1.0000, 0.0000)
            (-0.0000, 1.0000,  -0.0000, 0.0000)
            ( 1.0000, 0.0000,   0.0000, 0.0000)
            (35.0000, 8.7000, -16.0000, 1.0000)>
MESH
Wall_Empty.200
<Matrix 4x4 ( 0.0000, 0.0000,  -1.0000, 0.0000)
            (-0.0000, 1.0000,  -0.0000, 0.0000)
            ( 1.0000, 0.0000,   0.0000, 0.0000)
            (35.0000, 8.7000, -20.0000, 1.0000)>
MESH
Wall_Empty.201
<Matrix 4x4 ( 0.0000, 0.0000,  -1.0000, 0.0000)
            (-0.0000, 1.0000,  -0.0000, 0.0000)
            ( 1.0000, 0.0000,   0.0000, 0.0000)
            (35.0000, 8.7000, -24.0000, 1.0000)>
MESH
Wall_Empty.202
<Matrix 4x4 ( 0.0000, 0.0000,  -1.0000, 0.0000)
            (-0.0000, 1.0000,  -0.0000, 0.0000)
            ( 1.0000, 0.0000,   0.0000, 0.0000)
            (35.0000, 8.7000, -28.0000, 1.0000)>
MESH
Wall_Empty.203
<Matrix 4x4 ( 0.0000, 0.0000,  -1.0000, 0.0000)
            (-0.0000, 1.0000,  -0.0000, 0.0000)
            ( 1.0000, 0.0000,   0.0000, 0.0000)
            (35.0000, 8.7000, -32.0000, 1.0000)>
MESH
DoorDoubleLong_Wall_SideA.003
<Matrix 4x4 ( -4.3160, 0.0000,  -0.0000, 0.0000)
            ( -0.0000, 1.9969,   0.0000, 0.0000)
            (  0.0000, 0.0000,  -1.0000, 0.0000)
            (-26.4792, 0.0000, -13.6959, 1.0000)>
MESH
DoorDoubleLong_Wall_SideA.004
<Matrix 4x4 (  4.3160, 0.0000,   0.0000, 0.0000)
            (  0.0000, 1.9969,  -0.0000, 0.0000)
            (  0.0000, 0.0000,   1.0000, 0.0000)
            (-26.4800, 0.0000, -17.6385, 1.0000)>
MESH
Wall_Empty.206
<Matrix 4x4 ( -4.2739, 0.0000,  -0.0000, 0.0000)
            ( -0.0000, 1.0000,   0.0000, 0.0000)
            (  0.0000, 0.0000,  -1.0000, 0.0000)
            (-26.4800, 8.7000, -13.4427, 1.0000)>
MESH
Wall_Empty.207
<Matrix 4x4 (  0.0000, 0.0000,  -4.2739, 0.0000)
            ( -0.0000, 1.0000,  -0.0000, 0.0000)
            (  1.0000, 0.0000,   0.0000, 0.0000)
            (-17.7476, 8.7000, -26.4079, 1.0000)>
MESH
DoorDoubleLong_Wall_SideA.005
<Matrix 4x4 ( -0.0000, 0.0000,   4.3160, 0.0000)
            (  0.0000, 1.9969,   0.0000, 0.0000)
            ( -1.0000, 0.0000,  -0.0000, 0.0000)
            (-13.4392, 0.0000, -26.4839, 1.0000)>
MESH
DoorDoubleLong_Wall_SideA.006
<Matrix 4x4 (  0.0000, 0.0000,  -4.3160, 0.0000)
            ( -0.0000, 1.9969,  -0.0000, 0.0000)
            (  1.0000, 0.0000,   0.0000, 0.0000)
            (-17.4265, 0.0000, -26.5243, 1.0000)>
MESH
Wall_Empty.208
<Matrix 4x4 (  4.2739, 0.0000,   0.0000, 0.0000)
            (  0.0000, 1.0000,  -0.0000, 0.0000)
            (  0.0000, 0.0000,   1.0000, 0.0000)
            (-26.4800, 8.7000, -17.9210, 1.0000)>
MESH
Wall_Empty.209
<Matrix 4x4 ( -0.0000, 0.0000,   4.2739, 0.0000)
            (  0.0000, 1.0000,   0.0000, 0.0000)
            ( -1.0000, 0.0000,  -0.0000, 0.0000)
            (-13.1743, 8.7000, -26.4079, 1.0000)>
MESH
DoorDoubleLong_Wall_SideA.001
<Matrix 4x4 ( -0.0000, 0.0000,  4.3160, 0.0000)
            (  0.0000, 1.9969,  0.0000, 0.0000)
            ( -1.0000, 0.0000, -0.0000, 0.0000)
            (-13.4392, 0.0000, 26.4908, 1.0000)>
MESH
DoorDoubleLong_Wall_SideA.002
<Matrix 4x4 (  4.3160, 0.0000,  0.0000, 0.0000)
            (  0.0000, 1.9969, -0.0000, 0.0000)
            (  0.0000, 0.0000,  1.0000, 0.0000)
            (-26.4800, 0.0000, 13.5294, 1.0000)>
MESH
DoorDoubleLong_Wall_SideA.007
<Matrix 4x4 (  0.0000, 0.0000, -4.3160, 0.0000)
            ( -0.0000, 1.9969, -0.0000, 0.0000)
            (  1.0000, 0.0000,  0.0000, 0.0000)
            (-17.4265, 0.0000, 26.4684, 1.0000)>
MESH
DoorDoubleLong_Wall_SideA.008
<Matrix 4x4 ( -4.3160, 0.0000, -0.0000, 0.0000)
            ( -0.0000, 1.9969,  0.0000, 0.0000)
            (  0.0000, 0.0000, -1.0000, 0.0000)
            (-26.4792, 0.0000, 17.4845, 1.0000)>
MESH
Wall_Empty.204
<Matrix 4x4 ( -4.2739, 0.0000, -0.0000, 0.0000)
            ( -0.0000, 1.0000,  0.0000, 0.0000)
            (  0.0000, 0.0000, -1.0000, 0.0000)
            (-26.4800, 8.7000, 17.7475, 1.0000)>
MESH
Wall_Empty.205
<Matrix 4x4 (  4.2739, 0.0000,  0.0000, 0.0000)
            (  0.0000, 1.0000, -0.0000, 0.0000)
            (  0.0000, 0.0000,  1.0000, 0.0000)
            (-26.4800, 8.7000, 13.2794, 1.0000)>
MESH
Wall_Empty.210
<Matrix 4x4 (  0.0000, 0.0000, -4.2739, 0.0000)
            ( -0.0000, 1.0000, -0.0000, 0.0000)
            (  1.0000, 0.0000,  0.0000, 0.0000)
            (-17.7019, 8.7000, 26.3550, 1.0000)>
MESH
Wall_Empty.211
<Matrix 4x4 ( -0.0000, 0.0000,  4.2739, 0.0000)
            (  0.0000, 1.0000,  0.0000, 0.0000)
            ( -1.0000, 0.0000, -0.0000, 0.0000)
            (-13.1743, 8.7000, 26.4162, 1.0000)>
MESH
DoorDoubleLong_Wall_SideA.009
<Matrix 4x4 ( 0.0000, 0.0000, -8.3958, 0.0000)
            (-0.0000, 1.9969, -0.0000, 0.0000)
            ( 1.0000, 0.0000,  0.0000, 0.0000)
            (17.1513, 0.0000,  0.0187, 1.0000)>
MESH
Wall_Empty.212
<Matrix 4x4 ( 0.0000, 0.0000, -8.4660, 0.0000)
            (-0.0000, 1.0000, -0.0000, 0.0000)
            ( 1.0000, 0.0000,  0.0000, 0.0000)
            (16.8986, 8.7000,  0.0117, 1.0000)>
MESH
FloorTile_Double_Plane.000
<Matrix 4x4 (-0.0000, 0.0000,  4.3668, 0.0000)
            ( 0.0000, 1.0000,  0.0000, 0.0000)
            (-2.3940, 0.0000, -0.0000, 0.0000)
            (20.3549, 6.7560, 22.2662, 1.0000)>
MESH
Staircase_Plane.009
<Matrix 4x4 ( 0.0000, 0.0000, -1.3821, 0.0000)
            (-0.0000, 7.5487, -0.0000, 0.0000)
            ( 5.5234, 0.0000,  0.0000, 0.0000)
            (18.0651, 6.7453, 20.7830, 1.0000)>
MESH
Staircase_Plane.001
<Matrix 4x4 ( 0.0000, 0.0000, -1.6418, 0.0000)
            (-0.0000, 7.5487, -0.0000, 0.0000)
            ( 5.5234, 0.0000,  0.0000, 0.0000)
            (18.0651, 6.7453, 26.5079, 1.0000)>
MESH
Staircase_Plane.002
<Matrix 4x4 ( 0.0000, 0.0000, -1.3821, 0.0000)
            (-0.0000, 7.5487, -0.0000, 0.0000)
            ( 5.5234, 0.0000,  0.0000, 0.0000)
            (18.0651, 6.7453, 32.2501, 1.0000)>
MESH
FloorTile_Double_Plane.001
<Matrix 4x4 (-0.0000, 0.0000,  4.3668, 0.0000)
            ( 0.0000, 1.0000,  0.0000, 0.0000)
            (-2.3940, 0.0000, -0.0000, 0.0000)
            (25.1626, 6.7560, 22.2662, 1.0000)>
MESH
FloorTile_Double_Plane.002
<Matrix 4x4 (-0.0000, 0.0000,  4.3668, 0.0000)
            ( 0.0000, 1.0000,  0.0000, 0.0000)
            (-2.3940, 0.0000, -0.0000, 0.0000)
            (29.9704, 6.7560, 22.2662, 1.0000)>
MESH
FloorTile_Double_Plane.003
<Matrix 4x4 (-0.0000, 0.0000,  4.3668, 0.0000)
            ( 0.0000, 1.0000,  0.0000, 0.0000)
            (-1.3498, 0.0000, -0.0000, 0.0000)
            (33.7329, 6.7560, 22.2662, 1.0000)>
MESH
Staircase_Plane.003
<Matrix 4x4 ( 0.0000, 0.0000,  -1.3821, 0.0000)
            (-0.0000, 7.5487,  -0.0000, 0.0000)
            ( 5.5234, 0.0000,   0.0000, 0.0000)
            (18.0651, 6.7453, -20.8352, 1.0000)>
MESH
Staircase_Plane.004
<Matrix 4x4 ( 0.0000, 0.0000,  -1.6418, 0.0000)
            (-0.0000, 7.5487,  -0.0000, 0.0000)
            ( 5.5234, 0.0000,   0.0000, 0.0000)
            (18.0651, 6.7453, -26.5743, 1.0000)>
MESH
Staircase_Plane.005
<Matrix 4x4 ( 0.0000, 0.0000,  -1.3821, 0.0000)
            (-0.0000, 7.5487,  -0.0000, 0.0000)
            ( 5.5234, 0.0000,   0.0000, 0.0000)
            (18.0651, 6.7453, -32.3106, 1.0000)>
MESH
FloorTile_Double_Plane.004
<Matrix 4x4 (-0.0000, 0.0000,   4.3668, 0.0000)
            ( 0.0000, 1.0000,   0.0000, 0.0000)
            (-2.3940, 0.0000,  -0.0000, 0.0000)
            (20.3549, 6.7560, -30.9844, 1.0000)>
MESH
FloorTile_Double_Plane.005
<Matrix 4x4 (-0.0000, 0.0000,   4.3668, 0.0000)
            ( 0.0000, 1.0000,   0.0000, 0.0000)
            (-2.3940, 0.0000,  -0.0000, 0.0000)
            (25.1569, 6.7560, -30.9844, 1.0000)>
MESH
FloorTile_Double_Plane.006
<Matrix 4x4 (-0.0000, 0.0000,   4.3668, 0.0000)
            ( 0.0000, 1.0000,   0.0000, 0.0000)
            (-2.3940, 0.0000,  -0.0000, 0.0000)
            (29.9311, 6.7560, -30.9844, 1.0000)>
MESH
FloorTile_Double_Plane.007
<Matrix 4x4 (-0.0000, 0.0000,   4.3668, 0.0000)
            ( 0.0000, 1.0000,   0.0000, 0.0000)
            (-1.3498, 0.0000,  -0.0000, 0.0000)
            (33.7329, 6.7560, -31.0162, 1.0000)>
MESH
DoorDoubleLong_Wall_SideA.010
<Matrix 4x4 ( 4.3160, 0.0000,   0.0000, 0.0000)
            ( 0.0000, 1.4358,  -0.0000, 0.0000)
            ( 0.0000, 0.0000,   1.0000, 0.0000)
            (26.5234, 6.7227, -17.8545, 1.0000)>
MESH
DoorDoubleLong_Wall_SideA.011
<Matrix 4x4 (-4.3160, 0.0000,  -0.0000, 0.0000)
            (-0.0000, 1.4358,   0.0000, 0.0000)
            ( 0.0000, 0.0000,  -1.0000, 0.0000)
            (26.5234, 6.7227, -13.8951, 1.0000)>
MESH
DoorDoubleLong_Wall_SideA.012
<Matrix 4x4 (-4.3160, 0.0000, -0.0000, 0.0000)
            (-0.0000, 1.4358,  0.0000, 0.0000)
            ( 0.0000, 0.0000, -1.0000, 0.0000)
            (26.5234, 6.7227, 17.8775, 1.0000)>
MESH
DoorDoubleLong_Wall_SideA.013
<Matrix 4x4 ( 4.3160, 0.0000,  0.0000, 0.0000)
            ( 0.0000, 1.4358, -0.0000, 0.0000)
            ( 0.0000, 0.0000,  1.0000, 0.0000)
            (26.5234, 6.7227, 13.9430, 1.0000)>
MESH
FloorTile_Double_Plane.008
<Matrix 4x4 ( 4.4752, 0.0000,  0.0000, 0.0000)
            ( 0.0000, 1.0000, -0.0000, 0.0000)
            ( 0.0000, 0.0000, 14.0619, 0.0000)
            (21.8393, 6.7560,  0.0007, 1.0000)>
MESH
Details_Triangles_Cube.063
<Matrix 4x4 ( 10.0000,  0.0000,  0.0000, 0.0000)
            (  0.0000, 10.0000, -0.0000, 0.0000)
            (  0.0000,  0.0000, 10.0000, 0.0000)
            (-16.1157,  3.5139, 13.1130, 1.0000)>
MESH
Details_Triangles_Cube.001
<Matrix 4x4 ( 10.0000,   0.0000,   0.0000, 0.0000)
            (  0.0000, -10.0000,  -0.0000, 0.0000)
            (  0.0000,   0.0000, -10.0000, 0.0000)
            (-16.1157,   3.5139, -13.1145, 1.0000)>
MESH
Column_2
<Matrix 4x4 ( 2.0000, 0.0000,  0.0000, 0.0000)
            ( 0.0000, 2.9500, -0.0000, 0.0000)
            ( 0.0000, 0.0000,  2.0000, 0.0000)
            (17.5000, 0.0000, 17.5000, 1.0000)>
MESH
Column_2.003
<Matrix 4x4 (2.0000, 0.0000,  0.0000, 0.0000)
            (0.0000, 2.9500, -0.0000, 0.0000)
            (0.0000, 0.0000,  2.0000, 0.0000)
            (0.0000, 0.0000,  0.0000, 1.0000)>
MESH
Column_2.004
<Matrix 4x4 ( 2.0000, 0.0000,   0.0000, 0.0000)
            ( 0.0000, 2.9500,  -0.0000, 0.0000)
            ( 0.0000, 0.0000,   2.0000, 0.0000)
            (17.5000, 0.0000, -17.5000, 1.0000)>
MESH
Column_2.005
<Matrix 4x4 (  9.0000, 0.0000,   0.0000, 0.0000)
            (  0.0000, 2.9500,  -0.0000, 0.0000)
            (  0.0000, 0.0000,   9.0000, 0.0000)
            (-16.0901, 0.0000, -16.2769, 1.0000)>
MESH
Column_2.001
<Matrix 4x4 (  9.0000, 0.0000,  0.0000, 0.0000)
            (  0.0000, 2.9500, -0.0000, 0.0000)
            (  0.0000, 0.0000,  9.0000, 0.0000)
            (-16.0901, 0.0000, 16.2007, 1.0000)>
